avg_reward
0.0
0.0
0.0
0.0
0.0
0.0
0.0
0.0
0.0
0.0
0.0
0.0
0.0
0.0
0.0
0.0
0.0
0.0
0.0
0.0
0.0
0.0
0.0
0.0
0.0
0.0
0.0
0.0
0.0
0.0
0.0
0.0
0.0
0.0
0.0
0.0
0.0
0.0
0.0
0.0
0.0
0.002380952416431336
0.0023255814300027003
0.0022727273065935483
0.0022222222553359137
0.0021739130758720894
0.0021276596061726833
0.002083333364377419
0.0020408163569411455
0.0020000000298023225
0.0019607843429434533
0.0019230769517330022
0.0018867924809455872
0.0018518518794465948
0.0018181818452748385
0.0017857143123235022
0.0017543859910546687
0.00172413795672614
0.0016949152794934936
0.0016666666915019354
0.001639344286723215
0.0016129032498405826
0.0015873016109542242
0.0015625000232830644
0.0015384615613864019
0.001515151537729032
0.0014925373356733749
0.00147058825720759
0.0014492753839147263
0.0014285714498588017
0.001408450725212903
0.001388888909584946
0.0013698630341111796
0.0013513513714880556
0.0013333333532015482
0.0013157894932910015
0.0012987013180534562
0.0012820513011553348
0.0012658228036723559
0.0012500000186264515
0.0012345679196310631
0.001219512213294099
0.00120481929506164
0.001190476208215668
0.001176470605766072
0.0011627907150013501
0.0011494253044840932
0.0011363636532967741
0.0011235955223608553
0.0011111111276679568
0.0010989011152760014
0.0010869565379360447
0.001075268833227055
0.0021276596061726833
0.0021052631892656023
0.002083333364377419
0.0020618557008271364
0.0020408163569411455
0.002020202050305376
0.0020000000298023225
0.0020000000298023225
0.0020000000298023225
0.0020000000298023225
0.0020000000298023225
0.0020000000298023225
0.0020000000298023225
0.0020000000298023225
0.0020000000298023225
0.0020000000298023225
0.0020000000298023225
0.0020000000298023225
0.0020000000298023225
0.0020000000298023225
0.0020000000298023225
0.0020000000298023225
0.0020000000298023225
0.0020000000298023225
0.0020000000298023225
0.0030000000447034836
0.0030000000447034836
0.0030000000447034836
0.0030000000447034836
0.0030000000447034836
0.0030000000447034836
0.004000000059604645
0.004000000059604645
0.004000000059604645
0.004000000059604645
0.005000000074505806
0.005000000074505806
0.007000000104308128
0.007000000104308128
0.007000000104308128
0.00800000011920929
0.00800000011920929
0.00800000011920929
0.00800000011920929
0.00800000011920929
0.009000000134110451
0.009000000134110451
0.009000000134110451
0.00800000011920929
0.00800000011920929
0.00800000011920929
0.00800000011920929
0.00800000011920929
0.010000000149011612
0.010000000149011612
0.011000000163912773
0.011000000163912773
0.011000000163912773
0.012000000178813934
0.013000000193715095
0.013000000193715095
0.013000000193715095
0.013000000193715095
0.013000000193715095
0.013000000193715095
0.013000000193715095
0.013000000193715095
0.013000000193715095
0.014000000208616257
0.014000000208616257
0.014000000208616257
0.014000000208616257
0.014000000208616257
0.014000000208616257
0.014000000208616257
0.014000000208616257
0.014000000208616257
0.014000000208616257
0.014000000208616257
0.015000000223517418
0.01600000023841858
0.01700000025331974
0.01700000025331974
0.01700000025331974
0.01700000025331974
0.019000000283122064
0.019000000283122064
0.020000000298023225
0.020000000298023225
0.020000000298023225
0.020000000298023225
0.022000000327825547
0.022000000327825547
0.022000000327825547
0.022000000327825547
0.022000000327825547
0.022000000327825547
0.022000000327825547
0.023000000342726708
0.023000000342726708
0.023000000342726708
0.023000000342726708
0.023000000342726708
0.023000000342726708
0.023000000342726708
0.02400000035762787
0.02400000035762787
0.02600000038743019
0.028000000417232513
0.028000000417232513
0.029000000432133674
0.029000000432133674
0.030000000447034835
0.030000000447034835
0.030000000447034835
0.031000000461935996
0.031000000461935996
0.031000000461935996
0.031000000461935996
0.031000000461935996
0.03400000058114529
0.035000000596046445
0.03600000061094761
0.03600000061094761
0.03600000061094761
0.03600000061094761
0.03600000061094761
0.03700000062584877
0.03700000062584877
0.03700000062584877
0.03800000064074993
0.03700000062584877
0.03800000064074993
0.04000000067055225
0.04000000067055225
0.04000000067055225
0.042000000700354576
0.04000000067055225
0.04000000067055225
0.042000000700354576
0.042000000700354576
0.04300000071525574
0.04300000071525574
0.04300000071525574
0.0440000007301569
0.04500000074505806
0.04600000075995922
0.047000000774860384
0.047000000774860384
0.047000000774860384
0.047000000774860384
0.047000000774860384
0.04800000078976154
0.04800000078976154
0.049000000804662706
0.050000000819563864
0.050000000819563864
0.05100000083446503
0.050000000819563864
0.050000000819563864
0.052000000849366186
0.052000000849366186
0.05300000086426735
0.05400000087916851
0.05500000089406967
0.05600000090897083
0.05600000090897083
0.05600000090897083
0.05600000090897083
0.05600000090897083
0.05800000093877315
0.05900000095367432
0.060000000968575475
0.06100000098347664
0.06100000098347664
0.06100000098347664
0.06100000098347664
0.0620000009983778
0.0620000009983778
0.0620000009983778
0.06100000098347664
0.060000000968575475
0.060000000968575475
0.06100000098347664
0.0620000009983778
0.060000000968575475
0.06100000098347664
0.06100000098347664
0.0620000009983778
0.06400000102818013
0.06600000105798244
0.06400000102818013
0.06400000102818013
0.06600000105798244
0.06800000108778477
0.06800000108778477
0.06800000108778477
0.06800000108778477
0.0670000010728836
0.0670000010728836
0.06600000105798244
0.0670000010728836
0.0670000010728836
0.06800000108778477
0.06800000108778477
0.06800000108778477
0.07000000111758709
0.06900000110268593
0.07200000107288361
0.07300000108778476
0.07300000108778476
0.07400000110268593
0.07400000110268593
0.07600000113248825
0.07600000113248825
0.07500000111758709
0.07500000111758709
0.07600000113248825
0.07700000114738942
0.07700000114738942
0.07700000114738942
0.07900000125169754
0.07800000123679637
0.07900000125169754
0.0800000012665987
0.08100000128149987
0.08500000134110451
0.08500000134110451
0.08600000135600566
0.08700000137090683
0.08700000137090683
0.09000000149011612
0.09200000159442424
0.09300000168383121
0.09300000168383121
0.09200000166893005
0.0910000016540289
0.09300000168383121
0.09400000169873238
0.09400000169873238
0.09300000168383121
0.09200000166893005
0.09400000169873238
0.09600000172853469
0.09700000174343586
0.09600000172853469
0.09600000172853469
0.09500000171363354
0.09700000174343586
0.09800000175833702
0.09900000177323819
0.09900000177323819
0.10000000178813934
0.09900000177323819
0.09800000175833702
0.09700000174343586
0.09800000175833702
0.09800000175833702
0.09900000177323819
0.09900000177323819
0.09900000177323819
0.10000000178813934
0.10200000189244747
0.10200000189244747
0.1040000019967556
0.10300000198185444
0.1040000019967556
0.10500000201165677
0.10500000201165677
0.10800000213086605
0.10800000213086605
0.10900000214576722
0.11000000216066837
0.11100000217556953
0.11300000220537186
0.11400000222027301
0.11400000222027301
0.11500000223517418
0.11500000223517418
0.11500000223517418
0.11600000225007534
0.11600000225007534
0.11800000227987767
0.11800000227987767
0.11800000227987767
0.11800000227987767
0.1170000022649765
0.1170000022649765
0.1170000022649765
0.11600000225007534
0.11400000222027301
0.11500000223517418
0.11800000235438347
0.11800000235438347
0.11800000235438347
0.11900000236928462
0.12100000239908695
0.12300000242888927
0.12400000244379043
0.12500000245869158
0.12600000247359275
0.1270000024884939
0.12800000250339508
0.12800000250339508
0.12900000251829624
0.12800000250339508
0.12900000259280206
0.1280000025779009
0.12700000263750552
0.12700000263750552
0.12800000265240669
0.12800000265240669
0.13100000269711018
0.13100000269711018
0.13100000269711018
0.13200000271201134
0.13200000271201134
0.1330000027269125
0.13200000271201134
0.1330000027269125
0.1330000027269125
0.13200000263750553
0.1350000027567148
0.13600000277161597
0.1350000027567148
0.1360000028461218
0.13500000290572645
0.13400000289082528
0.13300000287592412
0.13300000287592412
0.13500000298023224
0.13500000298023224
0.13300000287592412
0.13200000278651713
0.13400000281631946
0.1360000028461218
0.1360000028461218
0.13400000281631946
0.13700000286102296
0.1360000028461218
0.13800000287592412
0.1410000029951334
0.1410000029951334
0.14000000298023224
0.13900000296533108
0.1380000029504299
0.13900000296533108
0.13900000296533108
0.1380000029504299
0.13900000296533108
0.14000000298023224
0.1410000029951334
0.1410000029951334
0.14300000309944152
0.14900000333786012
0.14900000333786012
0.15000000335276126
0.15100000336766242
0.1520000033825636
0.1520000033825636
0.15400000341236592
0.15500000342726708
0.1540000033378601
0.15800000332295894
0.15600000321865082
0.16000000327825548
0.1620000033825636
0.16400000348687171
0.16600000359117983
0.16400000348687171
0.16600000351667404
0.16900000348687172
0.16800000347197055
0.17100000344216823
0.17300000347197056
0.17400000348687172
0.177000003606081
0.17900000363588334
0.18300000369548797
0.1870000036805868
0.18800000369548797
0.19300000369548798
0.19400000378489493
0.19600000388920308
0.19900000393390654
0.20200000405311586
0.20700000405311583
0.21000000409781933
0.2110000041127205
0.21200000412762166
0.21900000400841235
0.2230000039935112
0.22600000411272048
0.22700000420212746
0.23000000417232513
0.23400000415742397
0.23800000436604024
0.24000000439584254
0.2460000042617321
0.2510000044852495
0.25600000470876694
0.25800000473856927
0.26100000478327273
0.2620000047981739
0.2650000048428774
0.27100000508129596
0.27100000508129596
0.27800000496208666
0.27900000490248206
0.2800000049173832
0.2820000049471855
0.285000004991889
0.285000004991889
0.2890000052005053
0.29200000531971454
0.2980000051856041
0.30600000530481336
0.3130000050365925
0.31900000527501104
0.32000000528991224
0.31900000520050525
0.31900000520050525
0.3230000049620867
0.325000004991889
0.330000004991889
0.3330000051110983
0.3370000048726797
0.3430000051110983
0.3460000052303076
0.351000005453825
0.35300000533461573
0.3570000050961971
0.361000005081296
0.3670000051707029
0.36900000520050524
0.3720000051707029
0.37900000527501104
0.38500000551342967
0.3870000056922436
0.39300000555813314
0.39500000558793547
0.39700000546872616
0.40000000543892383
0.4040000054240227
0.4090000056475401
0.41600000552833083
0.4210000053793192
0.4280000052601099
0.4290000052750111
0.43400000512599946
0.4390000049769878
0.4450000048428774
0.4490000050514936
0.45200000517070293
0.4490000050514936
0.4550000049173832
0.4600000047683716
0.4620000047981739
0.46800000488758087
0.47200000487267973
0.4750000046938658
0.48000000454485414
0.48500000439584257
0.48600000463426113
0.49100000485777856
0.49600000455975535
0.5000000043213367
0.5010000042617321
0.5040000043809414
0.5100000042468309
0.5110000041872262
0.5110000041872262
0.5160000044107437
0.5210000044107437
0.5230000045895576
0.5260000045597554
0.5280000044405461
0.5290000043809414
0.5330000044405461
0.5340000046789646
0.536000004708767
0.5400000044703483
0.5460000041127205
0.5520000037550926
0.5540000039339066
0.558000003695488
0.5600000035762787
0.5630000033974647
0.5650000034272671
0.5700000032782555
0.5670000034570694
0.5690000033378602
0.5710000032186509
0.5750000029802322
0.5740000030398369
0.5780000028014183
0.5780000028014183
0.5820000028610229
0.5800000029802322
0.5820000028610229
0.5830000025033951
0.5870000025629998
0.5900000023841858
0.5940000025928021
0.5970000024139881
0.5980000020563603
0.6020000018179417
0.6010000021755695
0.6030000020563603
0.6090000021457672
0.6120000019669533
0.6170000016689301
0.6210000017285346
0.6230000016093254
0.6240000015497208
0.6240000015497208
0.6250000011920929
0.6250000011920929
0.6270000010728836
0.6340000008046627
0.6400000008940697
0.6460000009834767
0.6480000008642673
0.6490000008046627
0.6530000005662441
0.6530000005662441
0.6540000008046627
0.6560000006854534
0.6600000004470349
0.6620000003278256
0.666000000089407
0.6679999999701977
0.6679999999701977
0.6679999999701977
0.6709999997913837
0.6729999996721745
0.6729999996721745
0.6739999993145466
0.672999999076128
0.6739999993145466
0.6789999990165234
0.677999999076128
0.6799999989569188
0.6819999988377095
0.6809999985992908
0.6799999989569188
0.6819999988377095
0.6839999987185001
0.6869999986886978
0.6869999986886978
0.6879999989271164
0.6879999989271164
0.6859999987483024
0.6889999982714653
0.6949999979138375
0.6939999982714653
0.695999998152256
0.6999999982118607
0.6999999982118607
0.70299999833107
0.7039999985694885
0.7039999985694885
0.7039999985694885
0.7019999983906746
0.6999999982118607
0.6969999986886978
0.6979999989271164
0.7009999987483024
0.7029999986290931
0.701999998986721
0.7009999990463257
0.7029999989271164
0.7039999985694885
0.70299999833107
0.703999997973442
0.7049999982118607
0.70799999833107
0.7089999985694885
0.7069999986886978
0.70799999833107
0.7129999980330467
0.710999998152256
0.7069999983906746
0.7059999987483024
0.7099999985098839
0.7129999986290931
0.7109999987483024
0.7109999987483024
0.7169999986886978
0.7179999989271164
0.7209999987483025
0.7209999987483025
0.7219999983906746
0.7219999983906746
0.7199999983608723
0.7189999987185002
0.7199999983608723
0.7199999983608723
0.7229999984800816
0.7239999981224536
0.7239999981224536
0.7249999977648258
0.7269999976456165
0.7309999974071979
0.7329999972879887
0.7329999972879887
0.7339999975264072
0.7349999971687794
0.7359999974071979
0.7369999970495701
0.7379999972879887
0.7359999974071979
0.7359999974071979
0.7379999972879887
0.7419999973475933
0.7439999972283841
0.7429999975860119
0.7439999978244305
0.7409999977052212
0.739999998062849
0.7389999978244305
0.7389999978244305
0.7389999978244305
0.7409999977052212
0.739999998062849
0.7409999977052212
0.7429999975860119
0.7419999973475933
0.7439999972283841
0.7399999971687794
0.7399999971687794
0.7399999971687794
0.7429999972879887
0.7449999971687794
0.7469999970495701
0.7489999969303608
0.7489999969303608
0.7509999968111515
0.754999996572733
0.7569999964535237
0.7569999964535237
0.7609999965131283
0.762999996393919
0.7659999965131283
0.7689999966323375
0.772999996393919
0.7739999966323375
0.7749999968707562
0.7769999967515469
0.7779999969899655
0.7799999968707562
0.7829999969899655
0.7879999966919422
0.7859999968111515
0.7849999971687793
0.7839999969303608
0.7849999971687793
0.7839999969303608
0.7839999969303608
0.7839999969303608
0.7839999969303608
0.7849999971687793
0.7869999970495701
0.7919999967515469
0.7939999969303608
0.7959999968111515
0.7979999966919422
0.7989999969303608
0.7979999966919422
0.7999999965727329
0.8039999966323376
0.8059999965131283
0.8059999965131283
0.8069999967515469
0.8089999966323376
0.8119999961555004
0.8139999960362911
0.816999995559454
0.8189999954402447
0.8179999957978725
0.8179999957978725
0.8189999960362911
0.8229999957978725
0.8249999956786632
0.8239999954402447
0.8229999952018261
0.8259999953210354
0.8289999954402447
0.8289999954402447
0.8309999953210354
0.8339999954402447
0.8349999956786632
0.8339999960362912
0.8339999960362912
0.8399999961256981
0.8419999960064888
0.8429999962449074
0.8429999962449074
0.8449999961256981
0.8459999963641167
0.8459999963641167
0.8459999963641167
0.8469999966025352
0.8469999966025352
0.8479999968409538
0.8499999967217445
0.8499999967217445
0.8529999968409538
0.8539999964833259
0.8509999969601632
0.8529999968409538
0.8559999969601632
0.8569999966025352
0.8559999963641167
0.8559999963641167
0.8559999963641167
0.8569999960064888
0.8569999960064888
0.8599999961256981
0.8609999957680702
0.8619999960064888
0.8619999960064888
0.8629999962449074
0.8639999964833259
0.8649999961256981
0.8679999962449074
0.8669999960064888
0.8689999958872795
0.8689999958872795
0.8729999959468842
0.8739999961853028
0.8729999965429306
0.8749999964237213
0.8739999961853028
0.871999996304512
0.871999996304512
0.871999996304512
0.8729999965429306
0.8729999965429306
0.8709999966621399
0.8709999966621399
0.871999996304512
0.8709999966621399
0.8709999966621399
0.8699999964237213
0.8689999961853028
0.8679999959468842
0.8679999959468842
0.8709999960660935
0.8729999959468842
0.8709999960660935
0.8689999961853028
0.8699999964237213
0.864999996572733
0.865999996215105
0.8699999959766864
0.8699999959766864
0.8719999958574772
0.8719999958574772
0.8719999958574772
0.8729999954998493
0.87499999538064
0.87499999538064
0.87499999538064
0.8789999951422215
0.8809999950230122
0.8799999947845936
0.8809999944269657
0.883999994546175
0.883999994546175
0.8859999944269658
0.8869999946653843
0.8899999947845936
0.8899999947845936
0.8909999950230122
0.8909999950230122
0.8889999951422215
0.8869999952614307
0.8889999951422215
0.8909999950230122
0.8919999952614307
0.8939999951422215
0.8919999952614307
0.8909999950230122
0.88999999538064
0.88999999538064
0.88999999538064
0.8879999954998493
0.8879999954998493
0.8869999952614307
0.8869999952614307
0.8889999951422215
0.8909999950230122
0.8939999951422215
0.8949999947845936
0.8949999947845936
0.8969999946653843
0.898999994546175
0.898999994546175
0.898999994546175
0.9019999946653843
0.9019999946653843
0.9009999944269658
0.9009999944269658
0.9009999944269658
0.9009999944269658
0.9029999943077565
0.9029999943077565
0.9029999943077565
0.9069999940693378
0.9069999940693378
0.9069999940693378
0.9079999943077565
0.908999994546175
0.9109999944269657
0.9119999946653843
0.9129999949038029
0.9109999950230122
0.9119999946653843
0.9129999949038029
0.913999994546175
0.913999994546175
0.913999994546175
0.9149999941885472
0.913999994546175
0.9129999943077565
0.913999994546175
0.9149999947845936
0.9159999950230122
0.9159999950230122
0.9159999950230122
0.9179999949038029
0.9179999949038029
0.9159999950230122
0.9189999951422214
0.91999999538064
0.9219999952614307
0.9219999952614307
0.9219999952614307
0.9239999951422214
0.9239999951422214
0.92499999538064
0.9269999952614307
0.9269999952614307
0.9289999951422214
0.9269999952614307
0.9279999954998494
0.9269999952614307
0.92499999538064
0.92499999538064
0.9269999952614307
0.9289999951422214
0.9289999951422214
0.9369999951124192
0.9379999953508377
0.9389999955892563
0.9389999955892563
0.9379999959468841
0.9399999958276749
0.9419999957084656
0.9409999960660934
0.9409999960660934
0.9399999964237213
0.9399999964237213
0.9389999961853027
0.9389999961853027
0.9389999961853027
0.9389999961853027
0.9379999959468841
0.9379999959468841
0.9379999959468841
0.9379999959468841
0.9369999957084656
0.935999995470047
0.935999995470047
0.9369999957084656
0.9379999953508377
0.9389999955892563
0.9379999953508377
0.9379999953508377
0.9379999953508377
0.9379999953508377
0.9399999952316285
0.9379999953508377
0.9389999949932099
0.9399999952316285
0.9419999951124192
0.9439999949932099
0.9439999949932099
0.9439999949932099
0.9439999949932099
0.9439999949932099
0.9439999949932099
0.9439999949932099
0.9449999952316284
0.9449999952316284
0.9449999952316284
0.9439999949932099
0.9439999949932099
0.9439999949932099
0.9439999949932099
0.9439999949932099
0.9449999952316284
0.9439999949932099
0.9439999949932099
0.9439999949932099
0.9439999949932099
0.9439999949932099
0.9449999952316284
0.9439999949932099
0.9429999947547912
0.9419999945163727
0.9409999942779541
0.9399999940395355
0.9399999940395355
0.9399999940395355
0.9399999940395355
0.9399999940395355
0.9399999940395355
0.938999993801117
0.9399999940395355
0.9419999939203262
0.9409999936819077
0.9419999939203262
0.943999993801117
0.9449999940395355
0.943999993801117
0.943999993801117
0.9429999935626984
0.9439999932050704
0.9439999932050704
0.9439999932050704
0.9439999932050704
0.9469999933242798
0.9469999933242798
0.9459999930858612
0.9459999930858612
0.9459999930858612
0.9459999930858612
0.9449999928474426
0.9459999930858612
0.9459999930858612
0.9459999930858612
0.9459999930858612
0.9469999933242798
0.9499999934434891
0.9489999932050704
0.9499999934434891
0.9519999933242798
0.9519999933242798
0.9519999933242798
0.9509999930858613
0.9489999932050704
0.9489999932050704
0.9479999929666519
0.9469999927282333
0.9459999924898148
0.9479999923706055
0.9479999923706055
0.9479999923706055
0.9499999922513962
0.9499999922513962
0.9519999921321869
0.9519999921321869
0.9519999921321869
0.9519999921321869
0.9519999921321869
0.9529999923706055
0.953999992609024
0.9559999924898147
0.9549999922513962
0.9539999920129776
0.9549999922513962
0.9559999924898147
0.9559999924898147
0.9549999922513962
0.9549999922513962
0.9559999918937683
0.9569999921321869
0.9589999920129776
0.9589999920129776
0.9589999920129776
0.9599999922513962
0.9629999923706055
0.963999992609024
0.963999992609024
0.963999992609024
0.963999992609024
0.963999992609024
0.9649999928474426
0.9649999928474426
0.963999992609024
0.9629999923706055
0.9629999923706055
0.9619999921321869
0.9609999918937683
0.9609999918937683
0.9619999921321869
0.9619999921321869
0.9609999918937683
0.9609999918937683
0.9619999921321869
0.9609999918937683
0.9609999918937683
0.9609999918937683
0.9619999921321869
0.9619999921321869
0.9609999918937683
0.9609999918937683
0.9619999921321869
0.9629999923706055
0.9629999923706055
0.9629999923706055
0.9629999923706055
0.9629999923706055
0.9629999923706055
0.9619999921321869
0.962999991774559
0.9639999920129776
0.9639999920129776
0.9639999920129776
0.962999991774559
0.9639999920129776
0.9639999920129776
0.9619999921321869
0.9609999918937683
0.9619999921321869
0.9619999921321869
0.9619999921321869
0.9629999923706055
0.9619999921321869
0.9619999921321869
0.9619999921321869
0.9619999921321869
0.9619999921321869
0.9629999923706055
0.9619999921321869
0.9619999921321869
0.9629999923706055
0.963999992609024
0.963999992609024
0.9629999923706055
0.9619999921321869
0.9619999921321869
0.9609999918937683
0.9609999918937683
0.9619999921321869
0.9619999921321869
0.9619999921321869
0.9619999921321869
0.9619999921321869
0.9619999921321869
0.9639999920129776
0.9639999920129776
0.9649999922513962
0.9659999924898147
0.9669999927282333
0.9659999924898147
0.9659999924898147
0.9659999924898147
0.9649999922513962
0.9649999922513962
0.9649999922513962
0.9659999924898147
0.9659999924898147
0.9659999924898147
0.9669999927282333
0.9669999927282333
0.9669999927282333
0.9669999927282333
0.967999992966652
0.9689999932050705
0.9689999932050705
0.9689999932050705
0.9689999932050705
0.9689999932050705
0.9699999934434891
0.9709999936819077
0.9709999936819077
0.9709999936819077
0.9709999936819077
0.9709999936819077
0.9699999934434891
0.9689999932050705
0.9689999932050705
0.9689999932050705
0.9689999932050705
0.9689999932050705
0.967999992966652
0.967999992966652
0.967999992966652
0.9689999932050705
0.9699999934434891
0.9699999934434891
0.9709999936819077
0.9719999939203262
0.9719999939203262
0.9699999940395355
0.9699999940395355
0.9709999942779541
0.9709999942779541
0.9709999942779541
0.9719999945163726
0.9729999947547913
0.9729999947547913
0.9729999947547913
0.9729999947547913
0.9739999949932099
0.9739999949932099
0.9729999947547913
0.9719999945163726
0.9719999945163726
0.9729999947547913
0.9739999949932099
0.9739999949932099
0.9739999949932099
0.9749999952316284
0.975999995470047
0.975999995470047
0.9769999957084656
0.9769999957084656
0.9779999959468841
0.9779999959468841
0.9779999959468841
0.9799999958276748
0.9809999960660934
0.9809999960660934
0.9809999960660934
0.9819999963045121
0.9819999963045121
0.9829999965429306
0.9819999963045121
0.9819999963045121
0.9819999963045121
0.9819999963045121
0.9819999963045121
0.9829999965429306
0.9829999965429306
0.9829999965429306
0.9829999965429306
0.9829999965429306
0.9829999965429306
0.9839999967813492
0.9839999967813492
0.9849999970197678
0.9849999970197678
0.9839999967813492
0.9839999967813492
0.9839999967813492
0.9829999965429306
0.9829999965429306
0.9839999967813492
0.9839999967813492
0.9839999967813492
0.9839999967813492
0.9839999967813492
0.9829999965429306
0.9829999965429306
0.9829999965429306
0.9829999965429306
0.9839999967813492
0.9839999967813492
0.9839999967813492
0.9839999967813492
0.9849999970197678
0.9839999967813492
0.9839999967813492
0.9839999967813492
0.9829999965429306
0.9829999965429306
0.9829999965429306
0.9819999963045121
0.9819999963045121
0.9819999963045121
0.9819999963045121
0.9829999965429306
0.9829999965429306
0.9829999965429306
0.9829999965429306
0.9829999965429306
0.9829999965429306
0.9829999965429306
0.9839999967813492
0.9849999970197678
0.9849999970197678
0.9839999967813492
0.9839999967813492
0.9819999969005585
0.982999997138977
0.982999997138977
0.982999997138977
0.982999997138977
0.982999997138977
0.9819999969005585
0.9819999969005585
0.9819999969005585
0.9819999969005585
0.9839999967813492
0.9839999967813492
0.9839999967813492
0.9829999965429306
0.9829999965429306
0.9829999965429306
0.9829999965429306
0.9829999965429306
0.9829999965429306
0.9829999965429306
0.9829999965429306
0.9829999965429306
0.9839999967813492
0.9849999970197678
0.9859999972581863
0.9859999972581863
0.9859999972581863
0.9859999972581863
0.9859999972581863
0.9859999972581863
0.9859999972581863
0.9859999972581863
0.9859999972581863
0.9859999972581863
0.9859999972581863
0.9859999972581863
0.9859999972581863
0.9859999972581863
0.9859999972581863
0.9859999972581863
0.9839999973773956
0.9839999973773956
0.9839999973773956
0.9839999973773956
0.9849999976158142
0.9849999976158142
0.9839999973773956
0.9839999973773956
0.9839999973773956
0.9839999973773956
0.9839999973773956
0.9839999973773956
0.9839999973773956
0.982999997138977
0.982999997138977
0.982999997138977
0.9819999969005585
0.9809999966621399
0.9809999966621399
0.9819999969005585
0.9819999969005585
0.9819999969005585
0.982999997138977
0.982999997138977
0.982999997138977
0.982999997138977
0.982999997138977
0.982999997138977
0.982999997138977
0.9839999973773956
0.9839999973773956
0.9839999973773956
0.9839999973773956
0.9839999973773956
0.9839999973773956
0.9839999973773956
0.9839999973773956
0.982999997138977
0.9839999973773956
0.9839999973773956
0.9839999973773956
0.9849999976158142
0.9849999976158142
0.9849999976158142
0.9859999978542328
0.9859999978542328
0.9859999978542328
0.9859999978542328
0.9849999976158142
0.9849999976158142
0.9849999976158142
0.9839999973773956
0.982999997138977
0.982999997138977
0.982999997138977
0.982999997138977
0.982999997138977
0.9819999969005585
0.9819999969005585
0.9819999969005585
0.9839999967813492
0.9839999967813492
0.9839999967813492
0.9839999967813492
0.9839999967813492
0.9839999967813492
0.9849999970197678
0.9849999970197678
0.9839999967813492
0.9839999967813492
0.9829999965429306
0.9829999965429306
0.9829999965429306
0.9839999967813492
0.9839999967813492
0.9839999967813492
0.9839999967813492
0.9839999967813492
0.9829999965429306
0.9829999965429306
0.9829999965429306
0.9799999964237213
0.9799999964237213
0.9799999964237213
0.9789999961853028
0.9769999963045121
0.9759999960660934
0.9759999960660934
0.9749999958276748
0.9749999958276748
0.9749999958276748
0.9739999955892563
0.9739999955892563
0.9739999955892563
0.9739999955892563
0.9739999955892563
0.9739999955892563
0.9739999955892563
0.9739999955892563
0.9739999955892563
0.975999995470047
0.975999995470047
0.975999995470047
0.975999995470047
0.975999995470047
0.975999995470047
0.9769999957084656
0.9769999957084656
0.9769999957084656
0.9749999958276748
0.9749999958276748
0.9749999958276748
0.9749999958276748
0.9759999960660934
0.9769999963045121
0.9769999963045121
0.9779999965429306
0.9789999967813492
0.9789999967813492
0.9789999967813492
0.9789999967813492
0.9789999967813492
0.9789999967813492
0.9789999967813492
0.9789999967813492
0.9789999967813492
0.9789999967813492
0.9789999967813492
0.9789999967813492
0.9789999967813492
0.9799999970197678
0.9799999970197678
0.9799999970197678
0.9799999970197678
0.9789999967813492
0.9789999967813492
0.9789999967813492
0.9799999970197678
0.9799999970197678
0.9799999970197678
0.977999997138977
0.977999997138977
0.9769999969005585
0.9769999969005585
0.9769999969005585
0.9769999969005585
0.9769999969005585
0.9759999966621399
0.9769999969005585
0.9769999969005585
0.9769999969005585
0.977999997138977
0.9789999973773956
0.9789999973773956
0.9789999973773956
0.9789999973773956
0.9789999973773956
0.9799999976158142
0.9809999978542328
0.9789999979734421
0.9789999979734421
0.9769999980926514
0.9769999980926514
0.9769999980926514
0.9769999980926514
0.9769999980926514
0.9769999980926514
0.9769999980926514
0.97799999833107
0.97799999833107
0.9789999985694885
0.9789999985694885
0.9789999985694885
0.9789999985694885
0.9789999985694885
0.9789999985694885
0.97799999833107
0.9769999980926514
0.97799999833107
0.97799999833107
0.9769999980926514
0.9789999979734421
0.9789999979734421
0.9789999979734421
0.9799999982118607
0.9819999980926514
0.98299999833107
0.98299999833107
0.9839999985694885
0.9839999985694885
0.9839999985694885
0.9849999988079071
0.9849999988079071
0.9849999988079071
0.9849999988079071
0.9849999988079071
0.9849999988079071
0.9849999988079071
0.9839999985694885
0.9839999985694885
0.9839999985694885
0.9839999985694885
0.9839999985694885
0.9839999985694885
0.9839999985694885
0.9839999985694885
0.9839999985694885
0.9839999985694885
0.9839999985694885
0.9859999984502792
0.9849999982118607
0.9839999979734421
0.9839999979734421
0.9839999979734421
0.9839999979734421
0.9839999979734421
0.9819999980926514
0.9819999980926514
0.9819999980926514
0.9819999980926514
0.9819999980926514
0.9819999980926514
0.9819999980926514
0.9819999980926514
0.9819999980926514
0.9819999980926514
0.9819999980926514
0.9819999980926514
0.9819999980926514
0.9819999980926514
0.9819999980926514
0.9819999980926514
0.9819999980926514
0.9819999980926514
0.98299999833107
0.98299999833107
0.98299999833107
0.98299999833107
0.98299999833107
0.98299999833107
0.9849999982118607
0.9849999982118607
0.9859999984502792
0.9859999984502792
0.9859999984502792
0.9859999984502792
0.9859999984502792
0.9869999986886978
0.9869999986886978
0.9869999986886978
0.9859999984502792
0.9849999982118607
0.9849999982118607
0.9849999982118607
0.9849999982118607
0.9849999982118607
0.9849999982118607
0.9849999982118607
0.9849999982118607
0.9869999980926514
0.9859999978542328
0.9879999977350234
0.9879999977350234
0.9879999977350234
0.9879999977350234
0.9879999977350234
0.9879999977350234
0.9879999977350234
0.9879999977350234
0.9879999977350234
0.9879999977350234
0.9879999977350234
0.9879999977350234
0.9879999977350234
0.9879999977350234
0.9879999977350234
0.9889999979734421
0.9899999982118607
0.9899999982118607
0.9899999982118607
0.9909999984502792
0.9919999986886978
0.9919999986886978
0.9919999986886978
0.9919999986886978
0.9919999986886978
0.9919999986886978
0.9919999986886978
0.9899999988079071
0.9899999988079071
0.9889999985694885
0.9889999985694885
0.9889999985694885
0.98799999833107
0.98799999833107
0.98799999833107
0.98799999833107
0.98799999833107
0.9889999985694885
0.9869999986886978
0.9869999986886978
0.9869999986886978
0.9869999986886978
0.9869999986886978
0.9869999986886978
0.9869999986886978
0.9869999986886978
0.9869999986886978
0.9869999986886978
0.9869999986886978
0.9879999989271164
0.9879999989271164
0.9879999989271164
0.9879999989271164
0.9879999989271164
0.9879999989271164
0.9899999988079071
0.9899999988079071
0.9899999988079071
0.9899999988079071
0.9889999985694885
0.9889999985694885
0.9889999985694885
0.9889999985694885
0.9889999985694885
0.9889999985694885
0.9889999985694885
0.9889999985694885
0.9889999985694885
0.9889999985694885
0.9889999985694885
0.9889999985694885
0.9889999985694885
0.9889999985694885
0.9889999985694885
0.9889999985694885
0.9889999985694885
0.9889999985694885
0.98799999833107
0.98799999833107
0.98799999833107
0.98799999833107
0.98799999833107
0.9869999980926514
0.9849999982118607
0.9849999982118607
0.9849999982118607
0.9849999982118607
0.9849999982118607
0.9849999982118607
0.9859999984502792
0.9869999986886978
0.9869999986886978
0.9869999986886978
0.9869999986886978
0.9869999986886978
0.9869999986886978
0.9869999986886978
0.9869999986886978
0.9869999986886978
0.9879999989271164
0.9879999989271164
0.9879999989271164
0.9879999989271164
0.9879999989271164
0.9879999989271164
0.9879999989271164
0.9879999989271164
0.9879999989271164
0.9869999986886978
0.9869999986886978
0.9869999986886978
0.9869999986886978
0.9869999986886978
0.9869999986886978
0.9869999986886978
0.9869999986886978
0.9859999984502792
0.9859999984502792
0.9859999984502792
0.9849999982118607
0.9849999982118607
0.9849999982118607
0.9849999982118607
0.9849999982118607
0.9849999982118607
0.9849999982118607
0.9839999979734421
0.9859999978542328
0.9859999978542328
0.9859999978542328
0.9859999978542328
0.9859999978542328
0.9869999980926514
0.9869999980926514
0.9869999980926514
0.9869999980926514
0.9869999980926514
0.9869999980926514
0.9889999979734421
0.9889999979734421
0.9889999979734421
0.9889999979734421
0.9889999979734421
0.9889999979734421
0.9889999979734421
0.9889999979734421
0.9889999979734421
0.9889999979734421
0.9889999979734421
0.9889999979734421
0.9899999982118607
0.9899999982118607
0.9899999982118607
0.9899999982118607
0.9899999982118607
0.9899999982118607
0.9889999979734421
0.9889999979734421
0.9889999979734421
0.9899999982118607
0.9889999979734421
0.9889999979734421
0.9889999979734421
0.9889999979734421
0.9889999979734421
0.9889999979734421
0.9889999979734421
0.9889999979734421
0.9889999979734421
0.9889999979734421
0.9889999979734421
0.9889999979734421
0.9869999980926514
0.9869999980926514
0.9869999980926514
0.9869999980926514
0.9869999980926514
0.9869999980926514
0.9869999980926514
0.9869999980926514
0.9859999978542328
0.9859999978542328
0.9869999980926514
0.9889999979734421
0.9889999979734421
0.9889999979734421
0.9889999979734421
0.9889999979734421
0.9889999979734421
0.9889999979734421
0.9889999979734421
0.9889999979734421
0.9889999979734421
0.9889999979734421
0.9889999979734421
0.9889999979734421
0.9889999979734421
0.9889999979734421
0.9879999977350234
0.9879999977350234
0.9879999977350234
0.9879999977350234
0.9879999977350234
0.9879999977350234
0.9879999977350234
0.9879999977350234
0.9879999977350234
0.9879999977350234
0.9889999979734421
0.9889999979734421
0.9889999979734421
0.9889999979734421
0.9889999979734421
0.9879999977350234
0.9879999977350234
0.9879999977350234
0.9889999979734421
0.9889999979734421
0.9889999979734421
0.9899999982118607
0.9899999982118607
0.9899999982118607
0.9899999982118607
0.9899999982118607
0.9899999982118607
0.9899999982118607
0.9909999984502792
0.9909999984502792
0.9909999984502792
0.9919999986886978
0.9919999986886978
0.9919999986886978
0.9919999986886978
0.9919999986886978
0.9919999986886978
0.9919999986886978
0.9919999986886978
0.9919999986886978
0.9919999986886978
0.9919999986886978
0.9919999986886978
0.9919999986886978
0.9909999984502792
0.9909999984502792
0.9909999984502792
0.9909999984502792
0.9909999984502792
0.9909999984502792
0.9909999984502792
0.9909999984502792
0.9909999984502792
0.9909999984502792
0.9909999984502792
0.9909999984502792
0.9909999984502792
0.9909999984502792
0.9919999986886978
0.9919999986886978
0.9919999986886978
0.9919999986886978
0.9919999986886978
0.9919999986886978
0.9919999986886978
0.9919999986886978
0.9919999986886978
0.9919999986886978
0.9919999986886978
0.9919999986886978
0.9919999986886978
0.9919999986886978
0.9919999986886978
0.9919999986886978
0.9939999985694885
0.9939999985694885
0.9939999985694885
0.9939999985694885
0.9939999985694885
0.9949999988079071
0.9949999988079071
0.9949999988079071
0.9959999990463256
0.9959999990463256
0.9959999990463256
0.9959999990463256
0.9959999990463256
0.9959999990463256
0.9959999990463256
0.9959999990463256
0.9959999990463256
0.9959999990463256
0.9959999990463256
0.9959999990463256
0.9959999990463256
0.9959999990463256
0.9959999990463256
0.9959999990463256
0.9959999990463256
0.9959999990463256
0.9969999992847443
0.9969999992847443
0.9969999992847443
0.9969999992847443
0.9969999992847443
0.9969999992847443
0.9969999992847443
0.9969999992847443
0.9969999992847443
0.9969999992847443
0.9969999992847443
0.9969999992847443
0.9969999992847443
0.9959999990463256
0.9959999990463256
0.9969999992847443
0.9969999992847443
0.9969999992847443
0.9969999992847443
0.9969999992847443
0.9969999992847443
0.9969999992847443
0.9969999992847443
0.9969999992847443
0.9969999992847443
0.9969999992847443
0.9969999992847443
0.9969999992847443
0.9969999992847443
0.9969999992847443
0.9969999992847443
0.9969999992847443
0.9969999992847443
0.9969999992847443
0.9969999992847443
0.9969999992847443
0.9969999992847443
0.9969999992847443
0.9969999992847443
0.9969999992847443
0.9969999992847443
0.9959999990463256
0.9959999990463256
0.9959999990463256
0.9969999992847443
0.9969999992847443
0.9969999992847443
0.9969999992847443
0.9959999990463256
0.9959999990463256
0.9959999990463256
0.9959999990463256
0.9959999990463256
0.9959999990463256
0.9959999990463256
0.9949999988079071
0.9949999988079071
0.9949999988079071
0.9949999988079071
0.9949999988079071
0.9939999985694885
0.9939999985694885
0.9949999988079071
0.9949999988079071
0.9949999988079071
0.9949999988079071
0.9949999988079071
0.9949999988079071
0.9949999988079071
0.9949999988079071
0.9949999988079071
0.9949999988079071
0.9949999988079071
0.9939999985694885
0.9939999985694885
0.9939999985694885
0.9939999985694885
0.9939999985694885
0.9939999985694885
0.9939999985694885
0.9939999985694885
0.9939999985694885
0.9939999985694885
0.9939999985694885
0.99299999833107
0.9909999984502792
0.9909999984502792
0.9909999984502792
0.9909999984502792
0.9899999982118607
0.9899999982118607
0.9899999982118607
0.9899999982118607
0.9899999982118607
0.9899999982118607
0.9899999982118607
0.9899999982118607
0.9889999979734421
0.9889999979734421
0.9889999979734421
0.9889999979734421
0.9889999979734421
0.9889999979734421
0.9889999979734421
0.9889999979734421
0.9889999979734421
0.9889999979734421
0.9889999979734421
0.9889999979734421
0.9889999979734421
0.9889999979734421
0.9889999979734421
0.9889999979734421
0.9899999982118607
0.9899999982118607
0.9899999982118607
0.9899999982118607
0.9899999982118607
0.9899999982118607
0.9899999982118607
0.9899999982118607
