avg_reward
0.0
0.0
0.0
0.0
0.0
0.0
0.0
0.0
0.0
0.0
0.0
0.0
0.0
0.0
0.0
0.0
0.0
0.0
0.0
0.0
0.0
0.0
0.0
0.0
0.0
0.0
0.0
0.0
0.0
0.0
0.0
0.0
0.0
0.0
0.0
0.0
0.0
0.0
0.0
0.0
0.0
0.0
0.0023255814300027003
0.0022727273065935483
0.0022222222553359137
0.0021739130758720894
0.0021276596061726833
0.002083333364377419
0.0020408163569411455
0.0020000000298023225
0.0019607843429434533
0.0019230769517330022
0.0018867924809455872
0.0018518518794465948
0.0018181818452748385
0.0017857143123235022
0.0017543859910546687
0.00172413795672614
0.0016949152794934936
0.0016666666915019354
0.001639344286723215
0.0016129032498405826
0.0015873016109542242
0.0015625000232830644
0.0015384615613864019
0.001515151537729032
0.0014925373356733749
0.00147058825720759
0.0014492753839147263
0.0028571428997176034
0.002816901450425806
0.002777777819169892
0.0027397260682223592
0.002702702742976111
0.0026666667064030964
0.002631578986582003
0.0025974026361069123
0.0025641026023106696
0.0025316456073447118
0.002500000037252903
0.0024691358392621263
0.002439024426588198
0.00240963859012328
0.002380952416431336
0.002352941211532144
0.0023255814300027003
0.0022988506089681865
0.0022727273065935483
0.0022471910447217107
0.0022222222553359137
0.002197802230552003
0.0021739130758720894
0.00215053766645411
0.003191489409259025
0.0031578947838984037
0.004166666728754838
0.004123711401654273
0.004081632713882291
0.004040404100610752
0.004000000059604645
0.004000000059604645
0.004000000059604645
0.004000000059604645
0.004000000059604645
0.004000000059604645
0.005000000074505806
0.005000000074505806
0.005000000074505806
0.005000000074505806
0.005000000074505806
0.005000000074505806
0.005000000074505806
0.005000000074505806
0.005000000074505806
0.005000000074505806
0.005000000074505806
0.005000000074505806
0.005000000074505806
0.006000000089406967
0.006000000089406967
0.006000000089406967
0.006000000089406967
0.006000000089406967
0.007000000104308128
0.007000000104308128
0.007000000104308128
0.007000000104308128
0.007000000104308128
0.00800000011920929
0.00800000011920929
0.010000000149011612
0.010000000149011612
0.010000000149011612
0.010000000149011612
0.010000000149011612
0.010000000149011612
0.010000000149011612
0.010000000149011612
0.011000000163912773
0.011000000163912773
0.011000000163912773
0.011000000163912773
0.010000000149011612
0.010000000149011612
0.010000000149011612
0.010000000149011612
0.010000000149011612
0.010000000149011612
0.010000000149011612
0.010000000149011612
0.010000000149011612
0.010000000149011612
0.012000000178813934
0.012000000178813934
0.012000000178813934
0.012000000178813934
0.012000000178813934
0.012000000178813934
0.012000000178813934
0.012000000178813934
0.012000000178813934
0.012000000178813934
0.012000000178813934
0.012000000178813934
0.012000000178813934
0.014000000208616257
0.014000000208616257
0.014000000208616257
0.015000000223517418
0.014000000208616257
0.014000000208616257
0.014000000208616257
0.01600000023841858
0.019000000357627868
0.019000000357627868
0.019000000357627868
0.019000000357627868
0.019000000357627868
0.02000000037252903
0.02000000037252903
0.02000000037252903
0.02000000037252903
0.02000000037252903
0.02000000037252903
0.02000000037252903
0.02000000037252903
0.02000000037252903
0.02000000037252903
0.02000000037252903
0.02000000037252903
0.02000000037252903
0.02100000038743019
0.02100000038743019
0.02000000037252903
0.02100000038743019
0.02000000037252903
0.02100000038743019
0.02100000038743019
0.023000000417232512
0.025000000447034834
0.025000000447034834
0.02700000047683716
0.02700000047683716
0.02800000049173832
0.02800000049173832
0.02800000049173832
0.02800000049173832
0.02800000049173832
0.029000000506639482
0.029000000506639482
0.029000000506639482
0.029000000506639482
0.029000000506639482
0.029000000506639482
0.029000000506639482
0.03200000062584877
0.033000000640749934
0.033000000640749934
0.03400000065565109
0.03400000065565109
0.03400000065565109
0.03400000065565109
0.03400000065565109
0.035000000670552256
0.036000000685453414
0.038000000715255736
0.04100000083446503
0.04200000084936619
0.04100000083446503
0.04300000086426735
0.04100000083446503
0.04100000083446503
0.04300000086426735
0.04400000087916851
0.04400000087916851
0.04400000087916851
0.04400000087916851
0.04500000089406967
0.0470000009983778
0.04800000101327896
0.04800000101327896
0.04800000101327896
0.04800000101327896
0.04800000101327896
0.04800000101327896
0.04800000101327896
0.04900000102818012
0.04900000102818012
0.050000001043081284
0.050000001043081284
0.052000001072883606
0.052000001072883606
0.052000001072883606
0.05300000108778477
0.05300000108778477
0.05300000108778477
0.05400000110268593
0.05500000111758709
0.05800000123679638
0.05900000125169754
0.0600000012665987
0.06100000128149986
0.06100000128149986
0.06300000131130218
0.06300000131130218
0.06200000129640102
0.06300000131130218
0.06400000132620334
0.06300000131130218
0.06400000132620334
0.06500000134110451
0.06500000134110451
0.06300000131130218
0.060000001192092894
0.062000001221895217
0.062000001221895217
0.062000001221895217
0.062000001221895217
0.062000001221895217
0.06300000123679637
0.06400000125169754
0.06400000125169754
0.0650000012665987
0.06700000129640102
0.06800000131130218
0.06800000131130218
0.07100000143051148
0.07100000143051148
0.07200000144541263
0.0730000014603138
0.07500000149011612
0.07500000149011612
0.07500000149011612
0.07600000150501728
0.07700000151991844
0.07700000151991844
0.07700000151991844
0.07700000151991844
0.07500000149011612
0.0730000014603138
0.07400000147521496
0.07600000150501728
0.07600000150501728
0.07500000149011612
0.07500000149011612
0.07400000147521496
0.07500000149011612
0.07500000149011612
0.07500000149011612
0.07500000149011612
0.07700000151991844
0.0780000015348196
0.07900000154972077
0.08200000166893005
0.08400000169873238
0.08100000157952308
0.08100000157952308
0.08100000157952308
0.08000000156462192
0.08100000157952308
0.08300000160932541
0.08500000163912773
0.0860000016540289
0.08700000174343586
0.08800000175833703
0.08900000184774398
0.08900000184774398
0.08900000184774398
0.08900000184774398
0.09000000193715095
0.09200000196695328
0.09200000196695328
0.09200000196695328
0.09100000195205211
0.09300000198185444
0.09500000201165676
0.09600000202655792
0.09700000204145909
0.09500000193715095
0.09600000195205212
0.09700000196695328
0.09700000196695328
0.09800000198185443
0.10000000201165676
0.10100000202655793
0.10400000214576721
0.10400000214576721
0.10500000216066838
0.10500000216066838
0.10500000216066838
0.10400000214576721
0.10600000217556954
0.10500000216066838
0.10600000217556954
0.10800000220537186
0.10900000222027302
0.11000000223517419
0.11000000223517419
0.10700000211596489
0.10700000211596489
0.10700000211596489
0.10700000211596489
0.10800000213086605
0.10800000213086605
0.10900000214576722
0.11000000216066837
0.11000000216066837
0.11100000217556953
0.11100000217556953
0.11000000216066837
0.11300000220537186
0.11300000220537186
0.11400000222027301
0.11500000223517418
0.11300000220537186
0.11500000223517418
0.11600000225007534
0.1170000022649765
0.11900000236928462
0.11900000236928462
0.11900000236928462
0.12000000238418579
0.12000000238418579
0.11800000235438347
0.1200000024586916
0.12300000257790089
0.12200000248849392
0.12400000251829624
0.12400000251829624
0.12600000262260436
0.12700000271201134
0.12700000271201134
0.12900000274181367
0.12900000274181367
0.12900000274181367
0.13000000275671483
0.13000000275671483
0.13000000275671483
0.13100000277161597
0.1330000028014183
0.13200000278651713
0.1310000028461218
0.13200000286102295
0.13500000298023224
0.13500000298023224
0.14000000298023224
0.1410000029951334
0.14200000301003457
0.14300000302493573
0.14300000302493573
0.1440000031143427
0.14300000309944152
0.14600000314414502
0.14600000314414502
0.14800000317394735
0.15100000329315663
0.15000000327825547
0.15100000329315663
0.1520000033080578
0.15400000341236592
0.15400000341236592
0.15300000339746475
0.1520000033825636
0.15300000332295893
0.15400000341236592
0.1520000033080578
0.1520000033080578
0.15500000335276126
0.1570000033825636
0.15600000329315664
0.15500000327825547
0.1590000033378601
0.15800000332295894
0.1620000033825636
0.1620000033825636
0.16300000347197055
0.1650000035762787
0.16600000366568565
0.16700000368058682
0.16800000376999377
0.16900000378489494
0.1700000037997961
0.17500000402331353
0.17500000402331353
0.1760000040382147
0.17500000394880771
0.1780000039935112
0.18100000403821467
0.18300000414252282
0.18800000414252283
0.18900000415742396
0.19000000424683094
0.19200000435113906
0.19800000444054602
0.20000000447034835
0.2020000045746565
0.20300000466406345
0.2070000046491623
0.214000004529953
0.21800000451505183
0.22300000473856926
0.2270000047236681
0.22900000482797622
0.23100000485777855
0.23600000508129595
0.23900000505149366
0.24100000515580178
0.24500000536441802
0.24900000542402267
0.2540000054240227
0.2510000053793192
0.2560000053793192
0.2610000056028366
0.2640000056475401
0.2710000055283308
0.2710000055283308
0.2710000055283308
0.2740000055730343
0.2750000055134296
0.2760000055283308
0.27700000554323195
0.2820000057667494
0.2840000058710575
0.2890000058710575
0.2910000057518482
0.29300000563263895
0.29300000563263895
0.2980000054836273
0.29900000549852845
0.2980000054091215
0.3010000055283308
0.3060000057518482
0.3070000058412552
0.31000000588595866
0.3140000060945749
0.3170000061392784
0.32200000636279585
0.3250000064820051
0.329000006467104
0.33200000643730165
0.3380000066757202
0.33900000661611557
0.3400000066310167
0.343000006750226
0.3470000068098307
0.34500000692904
0.34500000692904
0.34800000697374345
0.3500000070035458
0.35800000712275504
0.36300000712275504
0.3690000073611736
0.3710000075399876
0.36800000742077826
0.3650000073760748
0.36800000749528405
0.3740000077337027
0.37700000777840614
0.3810000079870224
0.3840000081062317
0.38900000795722006
0.3920000080019236
0.3960000080615282
0.3960000080615282
0.4000000078231096
0.40500000804662706
0.40900000780820844
0.4110000079870224
0.4160000078380108
0.42000000804662707
0.4240000080317259
0.4240000080317259
0.42700000807642935
0.42700000807642935
0.43100000828504564
0.43600000828504565
0.43800000816583634
0.43700000807642936
0.4420000079274178
0.4440000078082085
0.44700000777840615
0.44900000788271427
0.4520000074058771
0.4530000074952841
0.4550000075250864
0.46000000737607477
0.46200000755488874
0.46200000755488874
0.4660000073164701
0.4650000073760748
0.46800000734627245
0.4720000071078539
0.4750000072270632
0.47300000734627246
0.47600000716745855
0.4790000072866678
0.48300000704824925
0.48500000692903994
0.4840000072866678
0.48600000716745856
0.48300000704824925
0.48500000692903994
0.4910000065714121
0.4920000065118074
0.48900000639259816
0.49100000627338886
0.49400000639259817
0.49300000615417955
0.4920000062137842
0.4920000062137842
0.49600000619888307
0.5000000059604645
0.4960000057518482
0.4990000055730343
0.4980000059306622
0.5040000060200691
0.5110000061243772
0.5140000059455633
0.5170000057667494
0.5220000056177377
0.5300000055879355
0.5290000053495169
0.5320000054687262
0.5320000054687262
0.5350000055879355
0.5370000054687262
0.5430000055581331
0.5410000056773424
0.5450000058859586
0.5490000060945749
0.5530000058561564
0.5520000056177378
0.55800000526011
0.5590000052005053
0.5600000048428774
0.5610000047832727
0.5600000045448542
0.5660000041872263
0.5700000039488077
0.5740000037103892
0.5720000035315752
0.5740000037103892
0.5810000034421683
0.5800000032037497
0.5840000032633543
0.5900000029057264
0.5930000028759241
0.595000003054738
0.597000003233552
0.5980000028759241
0.5980000028759241
0.6000000027567148
0.6010000023990869
0.6070000026375055
0.613000002503395
0.6150000023841858
0.6150000023841858
0.6180000022053719
0.6200000020861626
0.6230000016093254
0.6230000016093254
0.6250000017881393
0.6270000019669533
0.6280000019073486
0.6270000022649765
0.6270000022649765
0.6270000022649765
0.6310000020265579
0.6300000023841857
0.6320000022649765
0.6320000022649765
0.6360000023245811
0.6410000020265579
0.6450000020861626
0.6450000020861626
0.6400000020861626
0.6400000020861626
0.6430000020563602
0.6430000020563602
0.6440000022947788
0.6470000024139881
0.6500000025331975
0.6490000028908253
0.6530000026524067
0.6570000027120113
0.6570000027120113
0.6610000024735928
0.6660000021755695
0.6630000023543835
0.6670000024139882
0.6710000021755695
0.6710000021755695
0.6730000020563602
0.6760000015795231
0.6780000014603138
0.6780000014603138
0.6800000013411045
0.6780000014603138
0.6780000014603138
0.6790000016987324
0.6830000014603138
0.6840000016987324
0.6830000020563602
0.6830000020563602
0.6870000018179416
0.6860000021755696
0.6880000020563602
0.6900000019371509
0.695000001937151
0.6980000020563603
0.6990000022947789
0.6970000024139881
0.7030000025033951
0.7050000023841858
0.7070000022649765
0.7050000023841858
0.7020000022649765
0.7040000021457672
0.7040000021457672
0.7070000022649765
0.7040000021457672
0.7080000019073487
0.7110000014305115
0.7130000013113021
0.7130000013113021
0.715000001192093
0.7140000009536743
0.7120000010728836
0.7140000009536743
0.7130000007152557
0.7120000004768372
0.7150000005960464
0.7150000005960464
0.7150000005960464
0.7170000004768372
0.7210000002384186
0.725
0.725
0.7220000004768372
0.721000000834465
0.723000001013279
0.7270000007748604
0.7260000011324883
0.7310000011324882
0.7310000011324882
0.7300000014901161
0.7340000012516975
0.7340000012516975
0.738000001013279
0.7360000011324882
0.738000001013279
0.738000001013279
0.7410000011324882
0.7410000011324882
0.743000001013279
0.7450000008940697
0.7460000005364418
0.7480000004172325
0.7480000004172325
0.7480000004172325
0.7490000006556511
0.7510000005364418
0.7480000004172325
0.752000000178814
0.7559999999403954
0.757999999821186
0.7590000000596047
0.7559999999403954
0.7569999995827675
0.7559999993443489
0.7599999991059303
0.761999998986721
0.7609999993443489
0.761999998986721
0.7659999987483025
0.7719999983906746
0.7759999981522561
0.7799999979138375
0.7829999980330468
0.7849999979138375
0.7869999977946281
0.789999997317791
0.789999997317791
0.7919999971985817
0.7929999968409538
0.7939999970793724
0.7909999969601631
0.789999997317791
0.7949999970197678
0.7959999966621399
0.7939999967813491
0.7959999966621399
0.7959999966621399
0.7969999969005584
0.7949999970197678
0.7969999969005584
0.7979999971389771
0.7999999970197678
0.80099999666214
0.80099999666214
0.7999999970197678
0.7989999967813491
0.7989999967813491
0.80099999666214
0.8039999967813491
0.8059999966621398
0.8079999965429306
0.8099999964237213
0.8109999960660934
0.8119999957084656
0.815999995470047
0.8189999955892563
0.8199999952316284
0.8179999953508377
0.8179999953508377
0.8189999949932099
0.8239999949932099
0.8239999949932099
0.8269999951124192
0.8269999951124192
0.8299999952316284
0.8289999955892563
0.8279999959468841
0.8309999960660934
0.8319999957084656
0.8319999957084656
0.8309999960660934
0.8359999960660934
0.8379999959468841
0.8409999960660934
0.841999996304512
0.841999996304512
0.8389999967813492
0.8409999966621399
0.8399999970197678
0.8389999973773956
0.8399999976158142
0.838999997973442
0.8419999974966049
0.8409999972581863
0.8449999970197678
0.8449999970197678
0.8459999966621399
0.8459999966621399
0.8469999963045121
0.8459999960660934
0.8449999964237214
0.8479999959468841
0.8459999960660934
0.8469999963045121
0.8469999963045121
0.8469999963045121
0.8469999963045121
0.8499999958276748
0.8499999958276748
0.8489999955892563
0.850999995470047
0.8489999955892563
0.8499999952316284
0.8489999955892563
0.8499999952316284
0.8509999948740006
0.8569999945163727
0.8579999947547913
0.8569999945163727
0.8579999941587448
0.8599999940395355
0.8619999939203262
0.8639999938011169
0.8649999940395355
0.8639999943971634
0.8639999943971634
0.8629999941587448
0.8619999945163727
0.8619999945163727
0.8609999948740006
0.8609999948740006
0.8599999952316284
0.8599999952316284
0.8609999948740006
0.859999994635582
0.8609999948740006
0.8629999947547913
0.8619999951124191
0.8619999951124191
0.8639999949932098
0.8629999953508377
0.8649999952316284
0.8639999955892563
0.8649999958276748
0.8679999959468842
0.8679999959468842
0.8679999959468842
0.8679999959468842
0.8699999958276748
0.870999995470047
0.8699999952316284
0.8719999951124191
0.8739999949932098
0.874999994635582
0.8779999941587449
0.8809999942779541
0.8799999940395355
0.8829999941587449
0.8829999941587449
0.8849999940395356
0.8849999940395356
0.8859999942779541
0.884999994635582
0.8859999948740005
0.884999994635582
0.8839999943971634
0.8839999943971634
0.8859999942779541
0.8869999939203262
0.8869999939203262
0.8859999936819076
0.8869999939203262
0.8869999939203262
0.8869999939203262
0.8869999939203262
0.8889999938011169
0.8899999934434891
0.8889999932050705
0.8889999932050705
0.8889999932050705
0.8909999930858612
0.8929999929666519
0.8929999929666519
0.8929999929666519
0.8929999929666519
0.8949999928474426
0.8979999923706055
0.8999999922513962
0.9009999918937683
0.9019999915361404
0.9009999912977219
0.901999990940094
0.9029999911785126
0.9059999912977219
0.9049999910593033
0.9049999910593033
0.9059999912977219
0.9059999912977219
0.9059999912977219
0.9089999914169311
0.9099999910593033
0.9109999912977219
0.9129999911785126
0.9149999910593033
0.908999991118908
0.90999999076128
0.90999999076128
0.9069999912381173
0.9059999915957451
0.9069999918341637
0.9079999920725822
0.9109999921917915
0.9119999924302101
0.9139999923110008
0.9149999925494194
0.9149999925494194
0.9119999930262566
0.9099999931454659
0.9099999931454659
0.9109999933838844
0.9089999935030937
0.9099999937415123
0.9089999940991401
0.9089999940991401
0.9109999939799309
0.9099999937415123
0.9129999938607216
0.9149999937415123
0.9139999935030937
0.9149999931454659
0.9139999935030937
0.9149999931454659
0.9129999932646752
0.9139999935030937
0.9149999937415123
0.9139999935030937
0.9129999932646752
0.9149999931454659
0.9159999933838844
0.9159999933838844
0.9199999931454659
0.9199999931454659
0.920999992787838
0.920999992787838
0.9199999925494194
0.920999992787838
0.9229999926686286
0.9229999926686286
0.9229999926686286
0.9229999926686286
0.9229999926686286
0.9229999926686286
0.9229999926686286
0.9229999926686286
0.9219999930262566
0.9219999930262566
0.9239999929070473
0.9229999926686286
0.9219999924302101
0.9199999925494194
0.9189999923110008
0.9189999923110008
0.9189999923110008
0.9189999923110008
0.9199999925494194
0.920999992787838
0.9219999930262566
0.9219999930262566
0.9229999932646752
0.9249999931454659
0.9239999935030937
0.9239999935030937
0.9239999935030937
0.9229999932646752
0.9229999932646752
0.9229999932646752
0.9229999932646752
0.9239999935030937
0.9249999937415123
0.9259999939799308
0.9279999938607216
0.9279999938607216
0.9279999938607216
0.9279999938607216
0.9259999939799308
0.9249999937415123
0.9249999937415123
0.9259999939799308
0.9239999940991401
0.9249999943375588
0.9229999944567681
0.9229999944567681
0.9229999944567681
0.9219999942183494
0.9229999944567681
0.9229999944567681
0.9219999942183494
0.9219999942183494
0.9219999942183494
0.9219999942183494
0.9229999944567681
0.9229999944567681
0.9229999944567681
0.9219999942183494
0.9269999939203263
0.9259999942779541
0.9259999942779541
0.9299999940395355
0.9309999936819077
0.9309999936819077
0.9309999936819077
0.9309999936819077
0.9309999936819077
0.929999993443489
0.929999993443489
0.9309999936819077
0.9339999932050705
0.9349999928474426
0.9359999930858612
0.9359999930858612
0.9379999929666519
0.9379999929666519
0.938999992609024
0.9399999922513962
0.9399999922513962
0.9399999922513962
0.9379999923706055
0.9379999923706055
0.9359999924898148
0.9359999924898148
0.9379999923706055
0.938999992609024
0.9409999924898148
0.9399999922513962
0.9399999922513962
0.9409999924898148
0.9419999927282333
0.9409999924898148
0.9409999924898148
0.9409999924898148
0.9399999922513962
0.9399999922513962
0.9379999923706055
0.9379999923706055
0.9379999923706055
0.9379999923706055
0.9379999923706055
0.9379999923706055
0.938999992609024
0.9399999928474426
0.9409999930858612
0.9419999933242797
0.9429999935626984
0.9429999935626984
0.9449999934434891
0.9449999934434891
0.9449999934434891
0.943999993801117
0.9449999940395355
0.9469999939203262
0.9469999939203262
0.9459999936819077
0.9479999935626984
0.9469999933242798
0.9459999930858612
0.9459999930858612
0.9459999930858612
0.9469999933242798
0.9469999933242798
0.9479999935626984
0.9499999934434891
0.9499999934434891
0.9489999932050704
0.9499999934434891
0.9499999934434891
0.9499999934434891
0.948999993801117
0.948999993801117
0.948999993801117
0.9479999935626984
0.9479999935626984
0.9479999935626984
0.9479999935626984
0.9479999935626984
0.9499999934434891
0.9499999934434891
0.948999993801117
0.9479999935626984
0.9509999936819077
0.9499999934434891
0.9519999933242798
0.9529999935626984
0.9529999935626984
0.953999993801117
0.9529999935626984
0.9529999935626984
0.953999993801117
0.953999993801117
0.953999993801117
0.9529999935626984
0.9529999935626984
0.9529999935626984
0.9529999935626984
0.9529999935626984
0.953999993801117
0.9559999936819077
0.9559999936819077
0.9559999936819077
0.9559999936819077
0.9559999936819077
0.9559999936819077
0.953999993801117
0.953999993801117
0.9549999940395355
0.9549999940395355
0.9549999940395355
0.9559999942779541
0.9559999942779541
0.9559999942779541
0.9559999942779541
0.9559999942779541
0.9559999942779541
0.9569999945163726
0.9579999947547913
0.9579999947547913
0.9589999949932099
0.9609999948740006
0.9609999948740006
0.9639999949932099
0.9649999952316284
0.9649999952316284
0.9639999949932099
0.9619999951124192
0.9629999953508377
0.9629999953508377
0.9619999951124192
0.9619999951124192
0.9619999951124192
0.9619999951124192
0.9609999948740006
0.9619999951124192
0.9609999948740006
0.9639999949932099
0.9639999949932099
0.9639999949932099
0.9639999949932099
0.9639999949932099
0.9639999949932099
0.9629999947547913
0.9629999947547913
0.9629999947547913
0.9629999947547913
0.9629999947547913
0.9639999949932099
0.9639999949932099
0.9639999949932099
0.9649999952316284
0.9669999951124191
0.9669999951124191
0.9669999951124191
0.9679999953508377
0.9689999955892563
0.9689999955892563
0.9699999958276748
0.9709999960660934
0.9709999960660934
0.9699999958276748
0.9699999958276748
0.9699999958276748
0.9689999955892563
0.9689999955892563
0.9689999955892563
0.9689999955892563
0.9689999955892563
0.9689999955892563
0.9689999955892563
0.970999995470047
0.970999995470047
0.970999995470047
0.9719999957084656
0.9719999957084656
0.970999995470047
0.970999995470047
0.9729999953508377
0.9699999952316284
0.970999995470047
0.9719999951124191
0.970999995470047
0.9699999952316284
0.970999995470047
0.9699999958276748
0.9699999958276748
0.9699999958276748
0.9699999958276748
0.9709999960660934
0.9709999960660934
0.9709999960660934
0.9709999960660934
0.9709999960660934
0.9719999963045121
0.9719999963045121
0.9719999963045121
0.9709999960660934
0.9719999963045121
0.9719999963045121
0.9719999963045121
0.9719999963045121
0.9699999964237214
0.9709999966621399
0.9709999966621399
0.9709999966621399
0.9729999965429306
0.9729999965429306
0.9729999965429306
0.9729999965429306
0.9729999965429306
0.9719999963045121
0.9719999963045121
0.9709999960660934
0.9699999958276748
0.9699999958276748
0.9699999958276748
0.9699999958276748
0.9699999958276748
0.9699999958276748
0.9699999958276748
0.9699999958276748
0.9699999958276748
0.9689999955892563
0.9689999955892563
0.9679999953508377
0.9689999955892563
0.970999995470047
0.9699999952316284
0.9699999952316284
0.970999995470047
0.970999995470047
0.9719999957084656
0.9719999957084656
0.9729999959468841
0.9729999959468841
0.9729999959468841
0.9719999957084656
0.9719999957084656
0.9729999959468841
0.9729999959468841
0.9729999959468841
0.9719999957084656
0.9729999959468841
0.9729999959468841
0.9729999959468841
0.9729999959468841
0.9729999959468841
0.9729999959468841
0.9729999959468841
0.9729999959468841
0.9729999959468841
0.9729999959468841
0.9709999960660934
0.9699999958276748
0.9699999958276748
0.9699999958276748
0.9699999958276748
0.9699999958276748
0.9699999958276748
0.9699999958276748
0.9709999960660934
0.9709999960660934
0.9709999960660934
0.9719999963045121
0.9719999963045121
0.9719999963045121
0.9719999963045121
0.9719999963045121
0.9699999964237214
0.9699999964237214
0.9689999961853027
0.9689999961853027
0.9689999961853027
0.9689999961853027
0.9679999959468841
0.9689999961853027
0.9689999961853027
0.9689999961853027
0.9719999963045121
0.9719999963045121
0.9729999965429306
0.9729999965429306
0.9739999967813492
0.9739999967813492
0.9759999966621399
0.9739999967813492
0.9739999967813492
0.9739999967813492
0.9739999967813492
0.9739999967813492
0.9739999967813492
0.9739999967813492
0.9749999970197678
0.9749999970197678
0.9749999970197678
0.9749999970197678
0.9759999972581863
0.9759999972581863
0.9759999972581863
0.9759999972581863
0.9749999970197678
0.9769999969005585
0.9759999966621399
0.9759999966621399
0.9759999966621399
0.9759999966621399
0.9759999966621399
0.9759999966621399
0.9739999967813492
0.9739999967813492
0.9749999970197678
0.9759999972581863
0.9769999974966049
0.9779999977350236
0.9769999974966049
0.9769999974966049
0.9769999974966049
0.9769999974966049
0.9769999974966049
0.9769999974966049
0.9769999974966049
0.9769999974966049
0.9759999978542327
0.9759999978542327
0.9759999978542327
0.9759999978542327
0.9759999978542327
0.9769999980926514
0.9769999980926514
0.9769999980926514
0.9769999980926514
0.9769999980926514
0.9769999980926514
0.9769999980926514
0.9769999980926514
0.9769999980926514
0.97799999833107
0.97799999833107
0.9759999984502792
0.9759999984502792
0.9759999984502792
0.9769999986886978
0.9769999986886978
0.9769999986886978
0.9769999986886978
0.9769999986886978
0.9769999986886978
0.9769999986886978
0.9769999986886978
0.9769999986886978
0.9749999988079071
0.9749999988079071
0.9769999986886978
0.9779999989271164
0.9779999989271164
0.9779999989271164
0.9779999989271164
0.9779999989271164
0.9779999989271164
0.9769999986886978
0.9769999986886978
0.9769999986886978
0.9769999986886978
0.9769999986886978
0.9769999986886978
0.9769999986886978
0.9779999989271164
0.9779999989271164
0.9799999988079071
0.9799999988079071
0.9809999990463257
0.9809999990463257
0.9809999990463257
0.9809999990463257
0.9819999992847442
0.9819999992847442
0.9799999994039535
0.9799999994039535
0.9789999991655349
0.9789999991655349
0.9789999991655349
0.9809999990463257
0.9809999990463257
0.9809999990463257
0.9809999990463257
0.9829999989271164
0.9819999986886978
0.9819999986886978
0.9819999986886978
0.9809999984502792
0.9809999984502792
0.9809999984502792
0.9799999982118607
0.9799999982118607
0.9789999979734421
0.9789999979734421
0.9789999979734421
0.9789999979734421
0.9789999979734421
0.9779999977350236
0.9789999979734421
0.9789999979734421
0.9799999982118607
0.9799999982118607
0.9799999982118607
0.9799999982118607
0.9799999982118607
0.9789999979734421
0.9809999978542328
0.9809999978542328
0.9809999978542328
0.9809999978542328
0.9809999978542328
0.9799999976158142
0.9809999978542328
0.9809999978542328
0.9809999978542328
0.9799999976158142
0.9789999973773956
0.9789999973773956
0.9789999973773956
0.9789999973773956
0.9809999972581863
0.9809999972581863
0.9809999972581863
0.9809999972581863
0.9809999972581863
0.9809999972581863
0.9809999972581863
0.9809999972581863
0.9809999972581863
0.9809999972581863
0.9809999972581863
0.9799999970197678
0.9799999970197678
0.9809999972581863
0.9809999972581863
0.9809999972581863
0.982999997138977
0.982999997138977
0.982999997138977
0.982999997138977
0.982999997138977
0.9819999969005585
0.9809999966621399
0.9809999966621399
0.9809999966621399
0.9809999966621399
0.9799999964237213
0.9799999964237213
0.9809999960660934
0.9809999960660934
0.9809999960660934
0.9809999960660934
0.9809999960660934
0.9799999958276748
0.9799999958276748
0.9799999958276748
0.9799999958276748
0.9809999960660934
0.9809999960660934
0.9809999960660934
0.9809999960660934
0.9809999960660934
0.9809999960660934
0.9809999960660934
0.9809999960660934
0.9799999958276748
0.9799999958276748
0.9779999959468841
0.9779999959468841
0.9769999957084656
0.9769999957084656
0.9769999957084656
0.9769999957084656
0.9769999957084656
0.9789999955892563
0.9789999955892563
0.9799999958276748
0.9799999958276748
0.9799999958276748
0.9799999958276748
0.9799999958276748
0.9789999955892563
0.9789999955892563
0.9789999955892563
0.9799999958276748
0.9789999955892563
0.9789999955892563
0.9789999955892563
0.9789999955892563
0.9789999955892563
0.9799999958276748
0.9799999958276748
0.9809999960660934
0.9799999958276748
0.9799999958276748
0.9799999958276748
0.9789999955892563
0.9799999958276748
0.9799999958276748
0.9799999958276748
0.9799999958276748
0.9799999958276748
0.9799999958276748
0.9799999958276748
0.9789999955892563
0.9799999958276748
0.9779999959468841
0.9779999959468841
0.9779999959468841
0.9779999959468841
0.9779999959468841
0.9789999961853028
0.9789999961853028
0.9789999961853028
0.9789999961853028
0.9799999964237213
0.9809999966621399
0.9809999966621399
0.9809999966621399
0.9809999966621399
0.9809999966621399
0.9809999966621399
0.9819999969005585
0.9819999969005585
0.9819999969005585
0.9819999969005585
0.9819999969005585
0.9819999969005585
0.9819999969005585
0.9819999969005585
0.9819999969005585
0.9819999969005585
0.9819999969005585
0.9819999969005585
0.9819999969005585
0.9819999969005585
0.9819999969005585
0.9819999969005585
0.9809999966621399
0.9809999966621399
0.9809999966621399
0.9819999969005585
0.982999997138977
0.982999997138977
0.982999997138977
0.982999997138977
0.9839999973773956
0.9839999973773956
0.9849999976158142
0.9849999976158142
0.9849999976158142
0.9849999976158142
0.9849999976158142
0.9859999978542328
0.9849999976158142
0.9849999976158142
0.9849999976158142
0.9849999976158142
0.9849999976158142
0.9849999976158142
0.9849999976158142
0.9849999976158142
0.9849999976158142
0.9849999976158142
0.9849999976158142
0.9859999978542328
0.9849999976158142
0.9849999976158142
0.9849999976158142
0.9859999978542328
0.9859999978542328
0.9859999978542328
0.9859999978542328
0.9859999978542328
0.9859999978542328
0.9859999978542328
0.9859999978542328
0.9849999976158142
0.9849999976158142
0.9849999976158142
0.9849999976158142
0.9859999978542328
0.9859999978542328
0.9859999978542328
0.9859999978542328
0.9869999980926514
0.9869999980926514
0.9869999980926514
0.9869999980926514
0.9869999980926514
0.9869999980926514
0.9869999980926514
0.9869999980926514
0.98799999833107
0.98799999833107
0.98799999833107
0.9889999985694885
0.9889999985694885
0.9889999985694885
0.9889999985694885
0.9889999985694885
0.9889999985694885
0.9889999985694885
0.9889999985694885
0.9899999988079071
0.9889999985694885
0.9909999984502792
0.9909999984502792
0.9909999984502792
0.9909999984502792
0.9909999984502792
0.9909999984502792
0.9909999984502792
0.9909999984502792
0.9909999984502792
0.9909999984502792
0.9909999984502792
0.9909999984502792
0.9909999984502792
0.9909999984502792
0.9909999984502792
0.9909999984502792
0.9909999984502792
0.9909999984502792
0.9909999984502792
0.9909999984502792
0.9899999982118607
0.9899999982118607
0.9899999982118607
0.9899999982118607
0.9899999982118607
0.9909999984502792
0.9909999984502792
0.9909999984502792
0.9909999984502792
0.9909999984502792
0.9909999984502792
0.9909999984502792
0.9919999986886978
0.9919999986886978
0.9919999986886978
0.9919999986886978
0.9919999986886978
0.9919999986886978
0.9919999986886978
0.9919999986886978
0.9919999986886978
0.9919999986886978
0.9919999986886978
0.9909999984502792
0.9899999982118607
0.9899999982118607
0.9899999982118607
0.9899999982118607
0.9909999984502792
0.9909999984502792
0.9909999984502792
0.9909999984502792
0.9909999984502792
0.9909999984502792
0.9909999984502792
0.9909999984502792
0.9909999984502792
0.9909999984502792
0.9909999984502792
0.9909999984502792
0.9919999986886978
0.9939999985694885
0.9939999985694885
0.9939999985694885
0.9939999985694885
0.9939999985694885
0.9939999985694885
0.9939999985694885
0.9939999985694885
0.99299999833107
0.99299999833107
0.9939999985694885
0.9939999985694885
0.9939999985694885
0.9939999985694885
0.9939999985694885
0.9939999985694885
0.99299999833107
0.99299999833107
0.99299999833107
0.99299999833107
0.9939999985694885
0.9939999985694885
0.9939999985694885
0.9939999985694885
0.9939999985694885
0.9939999985694885
0.9939999985694885
0.9939999985694885
0.9939999985694885
0.9939999985694885
0.99299999833107
0.99299999833107
0.99299999833107
0.99299999833107
0.99299999833107
0.99299999833107
0.99299999833107
0.99299999833107
0.9939999985694885
0.9939999985694885
0.9939999985694885
0.9939999985694885
0.9939999985694885
0.9939999985694885
0.9939999985694885
0.9939999985694885
0.9939999985694885
0.9939999985694885
0.9939999985694885
0.9939999985694885
0.9939999985694885
0.9939999985694885
0.9939999985694885
0.9939999985694885
0.9939999985694885
0.9939999985694885
0.99299999833107
0.99299999833107
0.99299999833107
0.9939999985694885
0.9939999985694885
0.9939999985694885
0.9939999985694885
0.9939999985694885
0.9939999985694885
0.9939999985694885
0.9939999985694885
0.9939999985694885
0.9939999985694885
0.9939999985694885
0.9939999985694885
0.9939999985694885
0.99299999833107
0.99299999833107
0.99299999833107
0.99299999833107
0.99299999833107
0.99299999833107
0.99299999833107
0.99299999833107
0.99299999833107
0.99299999833107
0.9939999985694885
0.9939999985694885
0.9939999985694885
0.9939999985694885
0.9939999985694885
0.9939999985694885
0.9939999985694885
0.9939999985694885
0.9939999985694885
0.9939999985694885
0.9939999985694885
0.9939999985694885
0.9939999985694885
0.9939999985694885
0.9939999985694885
0.9939999985694885
0.99299999833107
0.99299999833107
0.99299999833107
0.99299999833107
0.9909999984502792
0.9909999984502792
0.9909999984502792
0.9909999984502792
0.9909999984502792
0.9909999984502792
0.9919999986886978
0.9919999986886978
0.9919999986886978
0.9919999986886978
0.9919999986886978
0.9909999984502792
0.9909999984502792
0.9909999984502792
0.9919999986886978
0.9919999986886978
0.9919999986886978
0.9919999986886978
0.9919999986886978
0.9919999986886978
0.9919999986886978
0.9919999986886978
0.9919999986886978
0.9919999986886978
0.9919999986886978
0.9919999986886978
0.9919999986886978
0.9919999986886978
0.9929999989271164
0.9919999986886978
0.9919999986886978
0.9909999984502792
0.9909999984502792
0.9909999984502792
0.9909999984502792
0.9909999984502792
0.9909999984502792
0.9909999984502792
0.9909999984502792
0.9909999984502792
0.9899999982118607
0.9899999982118607
0.9899999982118607
0.9899999982118607
0.9899999982118607
0.9899999982118607
0.9889999979734421
0.9889999979734421
0.9889999979734421
0.9889999979734421
0.9889999979734421
0.9879999977350234
0.9879999977350234
0.9869999974966049
0.9869999974966049
0.9869999974966049
0.9869999974966049
0.9869999974966049
0.9869999974966049
0.9869999974966049
0.9869999974966049
0.9869999974966049
0.9869999974966049
0.9869999974966049
0.9869999974966049
0.9869999974966049
0.9859999972581863
0.9859999972581863
0.9859999972581863
0.9859999972581863
0.9869999974966049
0.9869999974966049
0.9869999974966049
0.9869999974966049
0.9869999974966049
0.9869999974966049
0.9859999972581863
0.9859999972581863
0.9859999972581863
0.9859999972581863
0.9859999972581863
0.9869999974966049
0.9869999974966049
0.9869999974966049
0.9869999974966049
0.9869999974966049
0.9869999974966049
0.9869999974966049
0.9869999974966049
0.9869999974966049
0.9869999974966049
0.9869999974966049
0.9869999974966049
0.9869999974966049
0.9869999974966049
0.9869999974966049
0.9879999977350234
0.9879999977350234
0.9879999977350234
0.9879999977350234
0.9899999976158143
0.9899999976158143
0.9899999976158143
0.9899999976158143
0.9899999976158143
0.9899999976158143
0.9899999976158143
0.9899999976158143
0.9899999976158143
0.9889999973773956
0.9889999973773956
0.9899999976158143
0.9889999973773956
0.9889999973773956
0.9889999973773956
0.9889999973773956
0.9889999973773956
0.9889999973773956
0.9889999973773956
0.9889999973773956
0.9889999973773956
0.9889999973773956
0.9889999973773956
0.9889999973773956
0.9889999973773956
0.9889999973773956
0.9889999973773956
0.9889999973773956
0.9889999973773956
0.9899999976158143
0.9899999976158143
0.9909999978542328
0.9909999978542328
0.9909999978542328
0.9909999978542328
0.9909999978542328
0.9899999976158143
0.9899999976158143
0.9899999976158143
0.9899999976158143
0.9899999976158143
0.9899999976158143
0.9899999976158143
0.9899999976158143
0.9889999973773956
0.9889999973773956
0.9899999976158143
0.9899999976158143
0.9899999976158143
0.9889999973773956
0.9889999973773956
0.9889999973773956
0.9889999973773956
0.9899999976158143
0.9909999978542328
0.9909999978542328
0.9909999978542328
0.9909999978542328
0.9909999978542328
0.9909999978542328
0.9909999978542328
0.9909999978542328
0.9909999978542328
0.9909999978542328
0.9909999978542328
0.9909999978542328
0.9919999980926514
0.9919999980926514
0.9919999980926514
0.9919999980926514
0.9919999980926514
0.9919999980926514
0.9919999980926514
0.9919999980926514
0.9909999978542328
0.9909999978542328
0.9919999980926514
0.9919999980926514
0.9909999978542328
0.9909999978542328
0.9899999976158143
0.9889999973773956
0.9889999973773956
0.9889999973773956
0.9889999973773956
0.9889999973773956
0.9889999973773956
0.9889999973773956
0.9889999973773956
0.987999997138977
0.987999997138977
0.987999997138977
0.987999997138977
0.987999997138977
0.987999997138977
0.987999997138977
0.987999997138977
0.987999997138977
0.987999997138977
0.987999997138977
0.987999997138977
0.987999997138977
0.987999997138977
0.987999997138977
0.987999997138977
0.987999997138977
0.987999997138977
0.987999997138977
0.987999997138977
0.9889999973773956
0.9889999973773956
0.987999997138977
0.9889999973773956
0.9889999973773956
0.9889999973773956
0.9889999973773956
0.9889999973773956
