avg_reward
0.0
0.0
0.0
0.0
0.0
0.0
0.0
0.0
0.0
0.0
0.0
0.0
0.0
0.0
0.0
0.0
0.0
0.0
0.0
0.0
0.0
0.0
0.0
0.0
0.0
0.0
0.0
0.0
0.0
0.0
0.0
0.0
0.0
0.0
0.0
0.0
0.0
0.0
0.0
0.0
0.0
0.0
0.0
0.0
0.0
0.0
0.0
0.0
0.0
0.0
0.0
0.0
0.0
0.0
0.0
0.0
0.0
0.0
0.0
0.0
0.0
0.0
0.0
0.0
0.0
0.001515151537729032
0.0014925373356733749
0.00147058825720759
0.0014492753839147263
0.0014285714498588017
0.001408450725212903
0.001388888909584946
0.0013698630341111796
0.0013513513714880556
0.0013333333532015482
0.0013157894932910015
0.0025974026361069123
0.0025641026023106696
0.0025316456073447118
0.002500000037252903
0.0037037037588931896
0.003658536639882297
0.00481927718024656
0.004761904832862672
0.004705882423064288
0.004651162860005401
0.004597701217936373
0.0056818182664838705
0.005617977611804276
0.005555555638339784
0.006593406691656008
0.006521739227616269
0.0075268818325893855
0.007446808621604392
0.007368421162429609
0.008333333457509676
0.008247422803308545
0.008163265427764582
0.008080808201221505
0.00800000011920929
0.009000000134110451
0.009000000134110451
0.009000000134110451
0.009000000134110451
0.010000000149011612
0.010000000149011612
0.010000000149011612
0.010000000149011612
0.010000000149011612
0.010000000149011612
0.010000000149011612
0.010000000149011612
0.010000000149011612
0.010000000149011612
0.010000000149011612
0.010000000149011612
0.012000000178813934
0.012000000178813934
0.012000000178813934
0.012000000178813934
0.012000000178813934
0.012000000178813934
0.012000000178813934
0.012000000178813934
0.012000000178813934
0.012000000178813934
0.012000000178813934
0.012000000178813934
0.012000000178813934
0.012000000178813934
0.012000000178813934
0.012000000178813934
0.012000000178813934
0.012000000178813934
0.012000000178813934
0.012000000178813934
0.012000000178813934
0.014000000208616257
0.014000000208616257
0.015000000223517418
0.015000000223517418
0.015000000223517418
0.01600000023841858
0.01600000023841858
0.01600000023841858
0.01600000023841858
0.01600000023841858
0.01600000023841858
0.01600000023841858
0.01700000025331974
0.018000000268220902
0.018000000268220902
0.019000000283122064
0.019000000283122064
0.019000000283122064
0.019000000283122064
0.019000000283122064
0.021000000312924386
0.022000000327825547
0.023000000342726708
0.023000000342726708
0.023000000342726708
0.02400000035762787
0.02500000037252903
0.027000000402331352
0.02600000038743019
0.027000000402331352
0.028000000417232513
0.029000000432133674
0.032000000551342965
0.035000000670552256
0.035000000670552256
0.036000000685453414
0.038000000715255736
0.0390000007301569
0.04200000084936619
0.04300000086426735
0.04300000086426735
0.04300000086426735
0.04300000086426735
0.04200000084936619
0.04200000084936619
0.04200000084936619
0.046000000908970835
0.04700000092387199
0.049000000953674315
0.049000000953674315
0.04800000093877316
0.049000000953674315
0.05000000096857548
0.05100000098347664
0.0520000009983778
0.0520000009983778
0.05500000111758709
0.05600000113248825
0.05600000113248825
0.05800000116229057
0.060000001192092894
0.062000001221895217
0.06300000123679637
0.062000001221895217
0.06300000123679637
0.06400000125169754
0.06700000137090684
0.06900000147521496
0.0730000015348196
0.07400000154972076
0.07500000156462193
0.07600000157952308
0.07700000159442424
0.07800000160932541
0.07900000162422657
0.07900000162422657
0.08000000163912774
0.08100000165402889
0.08200000166893005
0.08200000166893005
0.08300000168383122
0.0860000018030405
0.0890000019222498
0.09100000195205211
0.09600000195205212
0.09700000196695328
0.10000000208616257
0.10300000220537185
0.10400000222027302
0.10500000223517418
0.1070000022649765
0.1100000023841858
0.11300000250339508
0.11600000262260438
0.12300000250339509
0.1250000025331974
0.12800000265240669
0.1330000026524067
0.13500000268220902
0.1410000029206276
0.14300000295042992
0.14500000298023225
0.14900000296533109
0.15200000308454037
0.1540000031143427
0.15700000315904616
0.1640000030398369
0.16600000306963922
0.17000000312924385
0.171000003144145
0.1740000032633543
0.1790000032633543
0.18100000336766242
0.18200000338256359
0.1870000033825636
0.1890000034868717
0.1940000034868717
0.19800000354647637
0.20300000354647638
0.20800000354647635
0.21000000357627868
0.2150000037997961
0.21900000378489495
0.22200000390410424
0.22500000402331352
0.22700000412762164
0.23100000411272048
0.23200000420212746
0.23900000408291816
0.2410000041872263
0.2460000044107437
0.2490000044554472
0.24800000436604022
0.2490000043064356
0.2560000041872263
0.2610000044107437
0.2620000045001507
0.2660000044852495
0.2680000043660402
0.2710000043362379
0.27500000439584255
0.28000000439584255
0.28300000451505186
0.2850000045448542
0.29100000478327276
0.2970000046491623
0.2970000046491623
0.3030000045150518
0.3040000046044588
0.30800000466406346
0.31500000454485416
0.3180000045895576
0.32300000481307506
0.3270000050216913
0.33100000500679017
0.3320000050216913
0.3330000049620867
0.3350000050663948
0.33900000505149364
0.33900000505149364
0.34400000490248206
0.345000004991889
0.3500000052154064
0.3540000052750111
0.3580000052601099
0.36400000512599945
0.36600000500679014
0.37100000500679015
0.3730000051856041
0.3780000054091215
0.381000005453825
0.38700000531971457
0.39200000554323194
0.39500000558793547
0.39800000563263893
0.4040000058710575
0.40800000585615637
0.4160000056028366
0.42300000570714474
0.4250000057369471
0.4340000057220459
0.43500000566244124
0.4360000056028366
0.4390000055730343
0.441000005453825
0.44400000549852847
0.4450000054389238
0.44800000555813313
0.45300000578165056
0.45800000600516794
0.46200000621378423
0.4630000061541796
0.467000005915761
0.4710000056773424
0.46800000585615636
0.4690000059455633
0.4690000059455633
0.47100000582635404
0.47300000585615637
0.47000000573694706
0.47200000591576097
0.47600000612437726
0.47800000600516795
0.48100000612437727
0.4870000062137842
0.492000005915761
0.4900000060349703
0.49300000600516797
0.4940000059455633
0.5010000060498715
0.5020000059902668
0.5030000062286853
0.5070000059902668
0.5140000057220458
0.5160000056028367
0.5190000057220459
0.5210000056028367
0.522000005543232
0.5240000054240227
0.527000005543232
0.530000005364418
0.5290000051259994
0.530000005364418
0.5340000051259994
0.5370000052452087
0.5380000051856041
0.5350000052154065
0.5380000053346157
0.5390000055730343
0.5440000055730343
0.5430000053346157
0.5470000053942203
0.5500000053644181
0.5550000050663948
0.5550000050663948
0.5540000048279762
0.5590000048279762
0.561000004708767
0.5620000049471855
0.5640000048279762
0.5650000047683715
0.5670000046491623
0.5710000044107437
0.5760000042617321
0.5760000042617321
0.5770000045001507
0.5810000045597553
0.5790000046789646
0.5840000046789646
0.5870000045001507
0.59000000461936
0.5940000046789646
0.598000004440546
0.596000004261732
0.6000000040233135
0.6050000038743019
0.608000003695488
0.6140000033378601
0.6150000035762787
0.619000003784895
0.6180000041425228
0.6220000039041043
0.624000003784895
0.627000003606081
0.6300000037252903
0.6300000037252903
0.6300000037252903
0.6310000033676624
0.6340000028908253
0.6380000026524066
0.6420000027120113
0.6430000029504299
0.6450000028312206
0.6500000025331975
0.654000002592802
0.6560000024735928
0.659000002592802
0.6600000028312206
0.6610000024735928
0.6650000025331974
0.6640000022947788
0.6690000019967556
0.6730000020563602
0.6760000021755695
0.6790000022947789
0.6830000023543835
0.6880000020563602
0.6920000018179416
0.6950000013411045
0.6950000013411045
0.6980000008642674
0.7010000006854534
0.7000000010430812
0.7010000012814999
0.7060000009834766
0.7110000009834766
0.7160000009834766
0.7180000008642673
0.7240000008046628
0.7310000006854535
0.7350000004470348
0.7379999999701977
0.7399999998509884
0.7429999993741512
0.7429999993741512
0.7419999997317791
0.7449999998509884
0.7489999996125698
0.7519999997317791
0.7529999993741512
0.7549999995529652
0.757999999076128
0.7589999993145465
0.7599999995529652
0.7619999994337558
0.7649999989569187
0.7659999991953373
0.7689999993145465
0.7719999994337559
0.772999999076128
0.7749999989569187
0.7789999987185001
0.7829999984800815
0.7849999983608723
0.7889999981224537
0.7919999979436397
0.7999999979138375
0.8039999976754189
0.804999997317791
0.8059999969601631
0.8099999967217445
0.8109999963641167
0.813999996483326
0.813999996483326
0.8149999967217445
0.8199999967217445
0.8219999966025352
0.8229999968409538
0.8249999967217445
0.8269999966025352
0.8309999963641167
0.8329999962449074
0.8329999962449074
0.8349999961256981
0.837999995648861
0.8359999957680703
0.837999995648861
0.842999995648861
0.842999995648861
0.8449999955296517
0.843999995291233
0.8449999949336052
0.8439999946951866
0.849999994635582
0.8509999948740006
0.8519999951124191
0.8539999949932099
0.8529999953508377
0.8559999948740006
0.859999994635582
0.8629999941587448
0.8649999940395355
0.8659999936819076
0.8679999935626984
0.8699999934434891
0.8719999933242798
0.8769999933242798
0.8759999936819076
0.8759999936819076
0.8749999934434891
0.8769999933242798
0.8789999932050705
0.8789999932050705
0.8799999934434891
0.8819999933242798
0.8819999933242798
0.8839999932050705
0.8829999929666519
0.8839999932050705
0.8849999928474426
0.8859999930858612
0.8869999933242798
0.8879999929666519
0.8899999928474426
0.8899999928474426
0.8899999928474426
0.8909999930858612
0.8909999930858612
0.8919999933242798
0.8949999928474426
0.8949999928474426
0.8959999930858612
0.8999999928474426
0.9019999927282334
0.9029999929666519
0.9049999928474426
0.9069999927282333
0.9079999929666519
0.9069999927282333
0.9059999924898148
0.9059999924898148
0.9069999927282333
0.9079999929666519
0.9069999933242798
0.9089999932050705
0.9099999928474426
0.9119999927282333
0.9119999927282333
0.9139999926090241
0.9149999928474426
0.9189999926090241
0.9189999926090241
0.9209999924898148
0.9209999924898148
0.9219999927282333
0.9229999929666519
0.9239999926090241
0.9259999924898148
0.9259999924898148
0.9269999927282333
0.9279999929666519
0.9289999932050705
0.9289999932050705
0.929999993443489
0.929999993443489
0.9329999935626984
0.9329999935626984
0.9329999935626984
0.933999993801117
0.9349999940395355
0.9359999942779541
0.9369999945163727
0.9379999941587448
0.9389999943971634
0.9399999940395355
0.9399999940395355
0.9399999940395355
0.9419999939203262
0.943999993801117
0.9449999940395355
0.9459999942779541
0.9469999945163727
0.9499999946355819
0.9509999948740006
0.9509999948740006
0.9549999946355819
0.9539999943971634
0.9539999943971634
0.9559999942779541
0.9569999945163726
0.9569999945163726
0.9579999947547913
0.9569999951124192
0.9569999951124192
0.9569999951124192
0.9579999947547913
0.9589999949932099
0.9609999948740006
0.9609999948740006
0.9609999948740006
0.9619999951124192
0.9629999953508377
0.9639999955892563
0.9649999958276748
0.9649999958276748
0.9659999960660934
0.9659999960660934
0.9679999959468841
0.9689999961853027
0.9699999964237214
0.9699999964237214
0.9689999961853027
0.9709999960660934
0.9709999960660934
0.9709999960660934
0.9729999959468841
0.9729999959468841
0.9739999961853028
0.9739999961853028
0.9749999964237213
0.9749999964237213
0.9749999964237213
0.9749999964237213
0.9749999964237213
0.9749999964237213
0.9769999963045121
0.9769999963045121
0.9769999963045121
0.9769999963045121
0.9779999965429306
0.9789999967813492
0.9809999966621399
0.9809999966621399
0.9809999966621399
0.9809999966621399
0.9809999966621399
0.9809999966621399
0.9809999966621399
0.9819999969005585
0.982999997138977
0.982999997138977
0.982999997138977
0.982999997138977
0.9849999970197678
0.9849999970197678
0.9859999972581863
0.9849999970197678
0.9859999972581863
0.9859999972581863
0.9859999972581863
0.9859999972581863
0.9869999974966049
0.9869999974966049
0.9869999974966049
0.9869999974966049
0.9869999974966049
0.9879999977350234
0.9879999977350234
0.9879999977350234
0.9869999974966049
0.9869999974966049
0.9869999974966049
0.9869999974966049
0.9869999974966049
0.9869999974966049
0.9869999974966049
0.9869999974966049
0.9869999974966049
0.9869999974966049
0.9869999974966049
0.9869999974966049
0.9869999974966049
0.9879999977350234
0.9879999977350234
0.9889999979734421
0.9889999979734421
0.9889999979734421
0.9889999979734421
0.9889999979734421
0.9889999979734421
0.9889999979734421
0.9889999979734421
0.9889999979734421
0.9889999979734421
0.9899999982118607
0.9899999982118607
0.9909999984502792
0.9909999984502792
0.9909999984502792
0.9899999982118607
0.9909999984502792
0.9909999984502792
0.99299999833107
0.99299999833107
0.99299999833107
0.9939999985694885
0.9939999985694885
0.9939999985694885
0.9949999988079071
0.9949999988079071
0.9949999988079071
0.9949999988079071
0.9949999988079071
0.9949999988079071
0.9949999988079071
0.9949999988079071
0.9949999988079071
0.9949999988079071
0.9949999988079071
0.9949999988079071
0.9949999988079071
0.9959999990463256
0.9959999990463256
0.9959999990463256
0.9959999990463256
0.9959999990463256
0.9959999990463256
0.9959999990463256
0.9959999990463256
0.9959999990463256
0.9959999990463256
0.9959999990463256
0.9969999992847443
0.9969999992847443
0.9969999992847443
0.9969999992847443
0.9969999992847443
0.9969999992847443
0.9969999992847443
0.9969999992847443
0.9969999992847443
0.9969999992847443
0.9969999992847443
0.9969999992847443
0.9969999992847443
0.9969999992847443
0.9969999992847443
0.9969999992847443
0.9969999992847443
0.9969999992847443
0.9969999992847443
0.9969999992847443
0.9969999992847443
0.9969999992847443
0.9969999992847443
0.9969999992847443
0.9979999995231629
0.9979999995231629
0.9979999995231629
0.9979999995231629
0.9979999995231629
0.9979999995231629
0.9979999995231629
0.9979999995231629
0.9979999995231629
0.9979999995231629
0.9979999995231629
0.9979999995231629
0.9979999995231629
0.9989999997615814
0.9989999997615814
0.9989999997615814
0.9989999997615814
0.9989999997615814
0.9989999997615814
0.9989999997615814
0.9989999997615814
0.9989999997615814
0.9989999997615814
0.9989999997615814
0.9989999997615814
0.9979999995231629
0.9979999995231629
0.9979999995231629
0.9979999995231629
0.9979999995231629
0.9979999995231629
0.9979999995231629
0.9979999995231629
0.9979999995231629
0.9979999995231629
0.9979999995231629
0.9979999995231629
0.9979999995231629
0.9979999995231629
0.9979999995231629
0.9979999995231629
0.9979999995231629
0.9979999995231629
0.9989999997615814
0.9989999997615814
0.9989999997615814
0.9989999997615814
0.9989999997615814
0.9989999997615814
0.9989999997615814
0.9989999997615814
0.9989999997615814
0.9989999997615814
0.9989999997615814
0.9989999997615814
0.9989999997615814
0.9989999997615814
0.9989999997615814
0.9989999997615814
0.9989999997615814
0.9989999997615814
0.9989999997615814
0.9989999997615814
0.9989999997615814
0.9989999997615814
0.9989999997615814
0.9989999997615814
0.9989999997615814
0.9989999997615814
0.9989999997615814
0.9989999997615814
0.9989999997615814
0.9989999997615814
0.9989999997615814
0.9989999997615814
0.9989999997615814
0.9989999997615814
0.9989999997615814
0.9989999997615814
0.9989999997615814
0.9989999997615814
0.9989999997615814
0.9989999997615814
0.9989999997615814
0.9989999997615814
0.9989999997615814
0.9989999997615814
0.9989999997615814
0.9989999997615814
0.9989999997615814
0.9989999997615814
0.9989999997615814
0.9989999997615814
0.9989999997615814
0.9989999997615814
0.9989999997615814
0.9989999997615814
0.9989999997615814
0.9989999997615814
0.9989999997615814
0.9989999997615814
0.9989999997615814
0.9989999997615814
0.9989999997615814
0.9989999997615814
0.9989999997615814
0.9989999997615814
0.9989999997615814
0.9989999997615814
0.9989999997615814
0.9989999997615814
0.9989999997615814
0.9989999997615814
0.9989999997615814
0.9989999997615814
0.9989999997615814
0.9989999997615814
0.9989999997615814
0.9989999997615814
0.9989999997615814
0.9989999997615814
0.9989999997615814
0.9989999997615814
0.9989999997615814
0.9989999997615814
1.0
1.0
1.0
1.0
1.0
1.0
1.0
1.0
1.0
1.0
1.0
1.0
1.0
1.0
1.0
1.0
1.0
1.0
1.0
1.0
1.0
1.0
1.0
1.0
1.0
1.0
1.0
1.0
1.0
1.0
1.0
1.0
1.0
1.0
1.0
1.0
1.0
1.0
1.0
1.0
1.0
1.0
1.0
1.0
1.0
1.0
1.0
1.0
1.0
1.0
1.0
1.0
1.0
1.0
1.0
1.0
1.0
1.0
1.0
1.0
1.0
1.0
1.0
1.0
1.0
1.0
1.0
1.0
1.0
1.0
1.0
1.0
1.0
1.0
1.0
1.0
1.0
1.0
1.0
1.0
1.0
1.0
1.0
1.0
1.0
1.0
1.0
1.0
1.0
1.0
1.0
1.0
1.0
1.0
1.0
1.0
1.0
1.0
1.0
1.0
1.0
1.0
1.0
1.0
1.0
1.0
1.0
1.0
1.0
1.0
1.0
1.0
1.0
1.0
1.0
1.0
1.0
1.0
1.0
1.0
1.0
1.0
1.0
1.0
1.0
1.0
1.0
1.0
1.0
1.0
1.0
1.0
1.0
1.0
1.0
1.0
1.0
1.0
1.0
1.0
1.0
1.0
1.0
1.0
1.0
1.0
1.0
1.0
1.0
1.0
1.0
1.0
1.0
1.0
1.0
1.0
1.0
1.0
1.0
1.0
1.0
1.0
1.0
1.0
1.0
1.0
1.0
1.0
1.0
1.0
1.0
1.0
1.0
1.0
1.0
1.0
1.0
1.0
1.0
1.0
1.0
1.0
1.0
1.0
1.0
1.0
1.0
1.0
1.0
1.0
1.0
1.0
1.0
1.0
1.0
1.0
1.0
1.0
1.0
1.0
1.0
1.0
1.0
1.0
1.0
1.0
1.0
1.0
1.0
1.0
1.0
1.0
1.0
1.0
1.0
1.0
1.0
1.0
1.0
1.0
1.0
1.0
1.0
1.0
1.0
1.0
1.0
1.0
1.0
1.0
1.0
1.0
1.0
1.0
1.0
1.0
1.0
1.0
1.0
1.0
1.0
1.0
1.0
1.0
1.0
1.0
1.0
1.0
1.0
1.0
1.0
1.0
1.0
1.0
1.0
1.0
1.0
1.0
1.0
1.0
1.0
1.0
1.0
1.0
1.0
1.0
1.0
1.0
1.0
1.0
1.0
1.0
1.0
1.0
1.0
1.0
1.0
1.0
1.0
1.0
1.0
1.0
1.0
1.0
1.0
1.0
1.0
1.0
1.0
1.0
1.0
1.0
1.0
1.0
1.0
1.0
1.0
1.0
1.0
1.0
1.0
1.0
1.0
1.0
1.0
1.0
1.0
1.0
1.0
1.0
1.0
1.0
1.0
1.0
1.0
1.0
1.0
1.0
1.0
1.0
1.0
1.0
1.0
1.0
1.0
1.0
1.0
1.0
1.0
1.0
1.0
1.0
1.0
1.0
1.0
1.0
1.0
1.0
1.0
1.0
1.0
1.0
1.0
1.0
1.0
1.0
1.0
1.0
1.0
1.0
1.0
1.0
1.0
1.0
1.0
1.0
1.0
1.0
1.0
1.0
1.0
1.0
1.0
1.0
1.0
1.0
1.0
1.0
1.0
1.0
1.0
1.0
1.0
1.0
1.0
1.0
1.0
1.0
1.0
0.9989999997615814
0.9989999997615814
0.9989999997615814
0.9989999997615814
0.9989999997615814
0.9989999997615814
0.9989999997615814
0.9989999997615814
0.9989999997615814
0.9989999997615814
0.9989999997615814
0.9989999997615814
0.9989999997615814
0.9989999997615814
0.9989999997615814
0.9989999997615814
0.9989999997615814
0.9989999997615814
0.9989999997615814
0.9989999997615814
0.9989999997615814
0.9989999997615814
0.9989999997615814
0.9989999997615814
0.9989999997615814
0.9989999997615814
0.9989999997615814
0.9989999997615814
0.9989999997615814
0.9989999997615814
0.9989999997615814
0.9989999997615814
0.9989999997615814
0.9989999997615814
0.9989999997615814
0.9989999997615814
0.9989999997615814
0.9989999997615814
0.9989999997615814
0.9989999997615814
0.9989999997615814
0.9989999997615814
0.9989999997615814
0.9989999997615814
0.9989999997615814
0.9989999997615814
0.9989999997615814
0.9989999997615814
0.9989999997615814
0.9989999997615814
0.9989999997615814
0.9989999997615814
0.9989999997615814
0.9989999997615814
0.9989999997615814
0.9989999997615814
0.9989999997615814
0.9989999997615814
0.9989999997615814
0.9989999997615814
0.9989999997615814
0.9989999997615814
0.9989999997615814
0.9989999997615814
0.9989999997615814
0.9989999997615814
0.9989999997615814
0.9989999997615814
0.9989999997615814
0.9989999997615814
0.9989999997615814
0.9989999997615814
0.9989999997615814
0.9989999997615814
0.9989999997615814
0.9989999997615814
0.9989999997615814
0.9989999997615814
0.9989999997615814
0.9989999997615814
0.9989999997615814
0.9989999997615814
0.9989999997615814
0.9989999997615814
0.9989999997615814
0.9989999997615814
0.9989999997615814
0.9989999997615814
0.9989999997615814
0.9989999997615814
0.9989999997615814
0.9989999997615814
0.9989999997615814
0.9989999997615814
0.9989999997615814
0.9989999997615814
0.9989999997615814
0.9989999997615814
0.9989999997615814
0.9989999997615814
1.0
1.0
1.0
1.0
1.0
1.0
1.0
1.0
1.0
1.0
1.0
1.0
1.0
1.0
1.0
1.0
1.0
1.0
1.0
1.0
1.0
1.0
1.0
1.0
1.0
1.0
1.0
1.0
1.0
1.0
1.0
1.0
1.0
1.0
1.0
1.0
1.0
1.0
1.0
1.0
1.0
1.0
1.0
1.0
1.0
1.0
1.0
1.0
1.0
1.0
1.0
1.0
1.0
1.0
1.0
1.0
1.0
1.0
1.0
1.0
1.0
1.0
1.0
1.0
1.0
1.0
1.0
1.0
1.0
1.0
1.0
1.0
1.0
1.0
1.0
1.0
1.0
1.0
1.0
1.0
1.0
1.0
1.0
1.0
1.0
1.0
1.0
1.0
1.0
1.0
1.0
1.0
1.0
1.0
1.0
1.0
1.0
1.0
1.0
1.0
1.0
1.0
1.0
1.0
1.0
1.0
1.0
1.0
1.0
1.0
1.0
1.0
1.0
1.0
1.0
1.0
1.0
1.0
1.0
1.0
1.0
1.0
1.0
1.0
1.0
1.0
1.0
1.0
1.0
1.0
1.0
1.0
1.0
1.0
1.0
1.0
1.0
1.0
1.0
1.0
1.0
1.0
1.0
1.0
1.0
1.0
1.0
1.0
1.0
1.0
1.0
1.0
1.0
1.0
1.0
1.0
1.0
1.0
1.0
1.0
1.0
1.0
1.0
1.0
1.0
1.0
1.0
1.0
1.0
1.0
1.0
1.0
1.0
1.0
1.0
1.0
1.0
1.0
1.0
1.0
1.0
1.0
1.0
1.0
1.0
1.0
1.0
1.0
1.0
1.0
1.0
1.0
1.0
1.0
1.0
1.0
1.0
1.0
1.0
1.0
1.0
1.0
1.0
1.0
1.0
1.0
1.0
1.0
1.0
1.0
1.0
1.0
1.0
1.0
1.0
1.0
1.0
0.9989999997615814
0.9989999997615814
0.9989999997615814
0.9989999997615814
0.9989999997615814
0.9989999997615814
0.9989999997615814
0.9989999997615814
0.9989999997615814
0.9989999997615814
0.9989999997615814
0.9989999997615814
0.9989999997615814
0.9989999997615814
0.9989999997615814
0.9989999997615814
0.9989999997615814
0.9989999997615814
0.9989999997615814
0.9989999997615814
0.9989999997615814
0.9989999997615814
0.9989999997615814
0.9989999997615814
0.9989999997615814
0.9989999997615814
0.9989999997615814
0.9989999997615814
0.9989999997615814
0.9989999997615814
0.9989999997615814
0.9989999997615814
0.9989999997615814
0.9989999997615814
0.9989999997615814
0.9989999997615814
0.9989999997615814
0.9989999997615814
0.9989999997615814
0.9989999997615814
0.9989999997615814
0.9989999997615814
0.9989999997615814
0.9989999997615814
0.9989999997615814
0.9989999997615814
0.9989999997615814
0.9989999997615814
0.9989999997615814
0.9989999997615814
0.9989999997615814
0.9989999997615814
0.9989999997615814
0.9989999997615814
0.9989999997615814
0.9989999997615814
0.9989999997615814
0.9989999997615814
0.9989999997615814
0.9989999997615814
0.9989999997615814
0.9989999997615814
0.9989999997615814
0.9989999997615814
0.9989999997615814
0.9989999997615814
0.9989999997615814
0.9989999997615814
0.9989999997615814
0.9989999997615814
0.9989999997615814
0.9989999997615814
0.9989999997615814
0.9989999997615814
0.9989999997615814
0.9989999997615814
0.9989999997615814
0.9989999997615814
0.9989999997615814
0.9989999997615814
0.9989999997615814
0.9989999997615814
0.9989999997615814
0.9989999997615814
0.9989999997615814
0.9989999997615814
0.9989999997615814
0.9989999997615814
0.9989999997615814
0.9989999997615814
0.9989999997615814
0.9989999997615814
0.9989999997615814
0.9989999997615814
0.9989999997615814
0.9989999997615814
0.9989999997615814
0.9989999997615814
0.9989999997615814
0.9989999997615814
1.0
1.0
1.0
1.0
1.0
1.0
1.0
1.0
1.0
1.0
1.0
1.0
1.0
1.0
1.0
1.0
1.0
1.0
1.0
1.0
1.0
1.0
1.0
1.0
1.0
1.0
1.0
1.0
1.0
1.0
1.0
1.0
1.0
1.0
1.0
1.0
1.0
1.0
1.0
1.0
1.0
1.0
1.0
1.0
1.0
1.0
1.0
1.0
1.0
1.0
1.0
1.0
1.0
1.0
1.0
1.0
1.0
1.0
1.0
1.0
1.0
1.0
1.0
1.0
1.0
1.0
1.0
1.0
1.0
1.0
1.0
1.0
1.0
1.0
1.0
1.0
1.0
1.0
1.0
1.0
1.0
1.0
1.0
1.0
1.0
1.0
1.0
1.0
1.0
1.0
1.0
1.0
1.0
1.0
1.0
1.0
1.0
1.0
1.0
1.0
1.0
1.0
1.0
1.0
1.0
1.0
1.0
1.0
1.0
1.0
1.0
1.0
1.0
1.0
1.0
1.0
1.0
1.0
1.0
1.0
1.0
1.0
1.0
1.0
1.0
1.0
1.0
1.0
1.0
1.0
1.0
1.0
1.0
1.0
1.0
1.0
1.0
1.0
1.0
1.0
1.0
1.0
1.0
1.0
1.0
1.0
1.0
1.0
1.0
1.0
1.0
1.0
1.0
1.0
1.0
1.0
1.0
1.0
1.0
1.0
1.0
1.0
1.0
1.0
1.0
1.0
1.0
1.0
1.0
1.0
1.0
1.0
1.0
1.0
1.0
1.0
1.0
1.0
1.0
1.0
1.0
1.0
1.0
1.0
1.0
1.0
1.0
1.0
1.0
1.0
1.0
1.0
1.0
1.0
1.0
1.0
1.0
1.0
1.0
1.0
1.0
1.0
1.0
1.0
1.0
1.0
1.0
1.0
1.0
1.0
1.0
1.0
1.0
1.0
1.0
1.0
1.0
1.0
1.0
1.0
1.0
1.0
1.0
1.0
1.0
1.0
1.0
1.0
1.0
1.0
1.0
1.0
1.0
1.0
1.0
1.0
1.0
1.0
1.0
1.0
1.0
1.0
1.0
1.0
1.0
1.0
1.0
1.0
1.0
1.0
1.0
1.0
1.0
1.0
1.0
1.0
1.0
1.0
1.0
1.0
1.0
1.0
1.0
1.0
1.0
1.0
1.0
1.0
1.0
1.0
1.0
1.0
1.0
1.0
1.0
1.0
1.0
1.0
1.0
1.0
1.0
1.0
1.0
1.0
1.0
1.0
1.0
1.0
1.0
1.0
1.0
1.0
1.0
1.0
1.0
1.0
1.0
1.0
1.0
1.0
1.0
1.0
1.0
1.0
1.0
1.0
1.0
1.0
1.0
1.0
1.0
1.0
1.0
1.0
1.0
1.0
1.0
1.0
1.0
1.0
1.0
1.0
1.0
1.0
1.0
1.0
1.0
1.0
1.0
1.0
1.0
1.0
0.9989999997615814
0.9989999997615814
0.9989999997615814
0.9989999997615814
