avg_reward
0.0
0.0
0.0
0.0
0.0
0.0
0.0
0.0
0.0
0.0
0.0
0.0
0.0
0.0
0.0
0.0
0.0
0.0
0.0
0.0
0.0
0.0
0.0
0.0
0.0
0.0
0.0
0.0
0.0
0.0
0.0
0.0
0.0
0.0
0.0
0.0
0.0
0.0
0.0
0.0
0.0
0.0
0.0
0.0
0.0
0.0
0.0
0.0
0.0
0.0
0.0
0.0
0.0
0.0
0.0
0.0
0.0
0.0
0.0
0.0
0.0
0.0
0.0
0.0
0.0
0.0
0.0
0.0
0.0
0.0
0.0
0.0
0.0
0.0
0.0
0.0
0.0
0.0
0.0
0.0
0.0
0.0
0.0
0.0
0.0
0.0
0.0
0.0
0.0
0.0
0.0
0.0
0.0
0.0
0.0
0.0
0.0
0.0
0.0
0.0
0.0
0.0
0.0
0.0
0.0
0.0
0.0
0.0
0.0
0.0
0.0
0.0
0.0
0.0
0.0
0.0
0.0
0.0
0.0
0.0
0.0
0.0
0.0
0.0
0.0
0.0
0.0
0.0
0.0
0.0
0.0
0.0
0.0
0.0
0.0
0.0
0.0
0.0
0.0010000000149011613
0.0010000000149011613
0.0010000000149011613
0.0010000000149011613
0.0010000000149011613
0.0010000000149011613
0.0010000000149011613
0.0010000000149011613
0.0010000000149011613
0.0010000000149011613
0.0010000000149011613
0.0010000000149011613
0.0010000000149011613
0.0010000000149011613
0.0010000000149011613
0.0010000000149011613
0.0010000000149011613
0.0010000000149011613
0.0010000000149011613
0.0010000000149011613
0.0010000000149011613
0.0010000000149011613
0.0010000000149011613
0.0010000000149011613
0.0010000000149011613
0.0010000000149011613
0.0010000000149011613
0.0010000000149011613
0.0010000000149011613
0.0010000000149011613
0.0010000000149011613
0.0010000000149011613
0.0010000000149011613
0.0010000000149011613
0.0010000000149011613
0.0010000000149011613
0.0010000000149011613
0.0010000000149011613
0.0010000000149011613
0.0010000000149011613
0.0010000000149011613
0.0010000000149011613
0.0010000000149011613
0.0010000000149011613
0.0010000000149011613
0.0010000000149011613
0.0010000000149011613
0.0020000000298023225
0.0020000000298023225
0.0020000000298023225
0.0030000000447034836
0.0030000000447034836
0.004000000059604645
0.004000000059604645
0.004000000059604645
0.004000000059604645
0.004000000059604645
0.004000000059604645
0.004000000059604645
0.005000000074505806
0.005000000074505806
0.005000000074505806
0.005000000074505806
0.005000000074505806
0.005000000074505806
0.006000000089406967
0.006000000089406967
0.006000000089406967
0.007000000104308128
0.007000000104308128
0.007000000104308128
0.007000000104308128
0.00800000011920929
0.00800000011920929
0.00800000011920929
0.00800000011920929
0.00800000011920929
0.00800000011920929
0.009000000134110451
0.009000000134110451
0.009000000134110451
0.010000000149011612
0.010000000149011612
0.011000000163912773
0.011000000163912773
0.012000000178813934
0.012000000178813934
0.012000000178813934
0.012000000178813934
0.012000000178813934
0.013000000193715095
0.013000000193715095
0.014000000208616257
0.015000000223517418
0.01600000023841858
0.01600000023841858
0.01600000023841858
0.01600000023841858
0.01600000023841858
0.01600000023841858
0.015000000223517418
0.015000000223517418
0.015000000223517418
0.015000000223517418
0.01600000023841858
0.01700000025331974
0.019000000283122064
0.020000000298023225
0.022000000327825547
0.023000000342726708
0.02400000035762787
0.02400000035762787
0.02500000037252903
0.027000000402331352
0.028000000417232513
0.029000000432133674
0.029000000432133674
0.029000000432133674
0.029000000432133674
0.030000000447034835
0.030000000447034835
0.031000000461935996
0.03400000058114529
0.035000000596046445
0.03700000062584877
0.03800000064074993
0.03800000064074993
0.03800000064074993
0.039000000655651096
0.039000000655651096
0.04000000067055225
0.04100000068545342
0.04100000068545342
0.04100000068545342
0.042000000700354576
0.042000000700354576
0.0440000007301569
0.04500000074505806
0.04500000074505806
0.04500000074505806
0.04600000075995922
0.047000000774860384
0.04800000078976154
0.04800000078976154
0.05100000090897083
0.05100000090897083
0.05100000090897083
0.05000000089406967
0.05300000101327896
0.05500000104308128
0.05500000104308128
0.0570000010728836
0.056000001057982446
0.056000001057982446
0.056000001057982446
0.05800000108778477
0.06000000111758709
0.06000000111758709
0.06300000123679637
0.06400000125169754
0.06600000128149987
0.07000000134110451
0.07100000135600566
0.07200000137090683
0.07300000138580799
0.07300000138580799
0.07400000140070916
0.0750000014156103
0.0750000014156103
0.07600000143051147
0.07700000144541264
0.0780000014603138
0.08200000144541264
0.08500000156462192
0.08700000159442425
0.08900000162422657
0.09000000163912773
0.09200000166893005
0.09200000166893005
0.09400000169873238
0.09600000172853469
0.09600000172853469
0.09700000174343586
0.09800000175833702
0.1010000018775463
0.10300000198185444
0.10600000210106372
0.10900000222027302
0.11000000223517419
0.11000000223517419
0.11100000225007534
0.11500000230967998
0.11600000232458114
0.11600000232458114
0.11700000233948231
0.11800000235438347
0.11800000235438347
0.12300000235438346
0.12300000235438346
0.12600000247359275
0.12800000250339508
0.13100000262260436
0.13200000263750553
0.1350000027567148
0.13600000277161597
0.13600000277161597
0.14000000298023224
0.14500000320374964
0.14300000317394734
0.14200000315904618
0.14200000315904618
0.1440000031888485
0.14500000320374964
0.14500000320374964
0.14500000320374964
0.1470000033080578
0.14900000333786012
0.1520000034570694
0.1570000034570694
0.15900000356137753
0.1620000036805868
0.16300000369548798
0.16300000369548798
0.16300000369548798
0.16300000369548798
0.16400000371038914
0.16900000371038915
0.17200000382959843
0.17500000387430192
0.17900000393390655
0.18000000394880772
0.1830000039935112
0.1850000040233135
0.18600000403821468
0.18900000408291817
0.1910000041127205
0.1910000041127205
0.19300000421702862
0.19700000427663325
0.20300000451505185
0.20500000461935997
0.20600000463426113
0.20900000467896462
0.2120000047981739
0.20900000467896462
0.21400000467896463
0.2190000046789646
0.2250000049173832
0.22400000482797622
0.22400000482797622
0.2270000048726797
0.22800000496208667
0.23100000508129598
0.23900000520050527
0.24600000508129596
0.2450000050663948
0.24700000509619713
0.2560000048577786
0.2610000048577785
0.2650000050663948
0.2700000049173832
0.27100000485777853
0.2770000047236681
0.2820000049471855
0.28600000493228434
0.29300000503659246
0.30000000514090064
0.30900000512599946
0.3160000052303076
0.31900000527501104
0.3240000054985285
0.3290000057220459
0.33000000596046447
0.3360000056028366
0.3430000053346157
0.34700000554323196
0.3520000057667494
0.3580000058561563
0.3650000059604645
0.37100000604987143
0.3740000060200691
0.37900000624358654
0.3850000061094761
0.39200000584125516
0.39700000584125517
0.40200000584125517
0.4070000058412552
0.4090000057220459
0.4150000055879354
0.4220000054687262
0.4280000055581331
0.4330000052601099
0.43800000511109827
0.4460000048577786
0.4500000050663948
0.45700000517070294
0.46600000493228433
0.47000000469386577
0.4800000046938658
0.4860000043362379
0.4910000041872263
0.4940000043064356
0.5030000042915345
0.5100000041723252
0.5150000040233135
0.5220000041276216
0.5240000040084124
0.5270000035315752
0.5330000037699938
0.5400000036507845
0.546000003516674
0.5540000034868717
0.5620000034570694
0.5700000034272671
0.5760000032931566
0.5810000032931566
0.586000003144145
0.591000003144145
0.5950000029057264
0.5980000030249357
0.6040000026673078
0.6100000027567148
0.6140000025182962
0.6200000023841858
0.6260000024735928
0.6320000025629997
0.6360000023245811
0.6420000019669533
0.6480000019073486
0.6530000016093254
0.6600000013411045
0.6660000012814998
0.673000001013279
0.6820000009983778
0.6880000009387731
0.6960000009089709
0.7040000008791685
0.7090000008791685
0.7130000009387731
0.7140000005811453
0.7180000003427267
0.7250000000745058
0.7299999997764826
0.733999999538064
0.7429999992996454
0.7479999992996454
0.7529999992996455
0.7569999990612268
0.763999998793006
0.7709999985247851
0.7759999982267618
0.781999997869134
0.786999997869134
0.7879999975115061
0.7909999976307154
0.7979999977350235
0.8039999976754189
0.8039999976754189
0.804999997317791
0.8079999968409538
0.8089999970793724
0.8119999971985817
0.8129999974370002
0.8159999969601631
0.8199999967217445
0.8219999966025352
0.823999996483326
0.823999996483326
0.8259999963641167
0.8299999964237214
0.8329999959468841
0.835999995470047
0.8379999953508377
0.8389999955892563
0.8399999958276748
0.8439999955892563
0.8449999952316284
0.8459999948740006
0.8479999947547913
0.849999994635582
0.8539999943971633
0.8579999941587448
0.8599999940395355
0.8589999943971633
0.8609999942779542
0.8629999941587448
0.8639999938011169
0.8689999938011169
0.8719999939203262
0.8739999938011169
0.8749999934434891
0.8749999934434891
0.8779999935626983
0.8769999939203262
0.8809999936819076
0.8819999933242798
0.8829999935626983
0.8839999938011169
0.8829999935626983
0.8829999935626983
0.8859999936819076
0.8899999934434891
0.8899999934434891
0.8899999934434891
0.8919999933242798
0.8939999932050705
0.8959999930858612
0.8969999933242798
0.8999999928474426
0.9029999929666519
0.9059999930858612
0.9059999930858612
0.9049999928474426
0.9049999928474426
0.9079999929666519
0.9099999928474426
0.9129999929666519
0.9149999928474426
0.9159999930858612
0.9199999928474426
0.9199999928474426
0.9219999927282333
0.9239999926090241
0.9269999927282333
0.9279999923706055
0.9299999922513962
0.9309999924898148
0.9309999924898148
0.9299999922513962
0.9309999924898148
0.9319999927282333
0.9319999927282333
0.9319999927282333
0.9319999927282333
0.9319999927282333
0.9319999927282333
0.9309999924898148
0.9329999923706055
0.9349999922513962
0.9379999923706055
0.9409999924898148
0.9419999927282333
0.9429999929666519
0.9459999930858612
0.9469999933242798
0.9459999930858612
0.9459999930858612
0.9459999930858612
0.9469999933242798
0.9479999935626984
0.948999993801117
0.948999993801117
0.9509999936819077
0.9519999939203262
0.9519999939203262
0.953999993801117
0.953999993801117
0.9549999940395355
0.9559999942779541
0.9569999945163726
0.9589999943971634
0.9609999942779541
0.9629999941587448
0.9639999943971634
0.964999994635582
0.964999994635582
0.964999994635582
0.964999994635582
0.964999994635582
0.9669999945163726
0.9679999947547913
0.9689999949932099
0.9709999948740006
0.9709999948740006
0.9709999948740006
0.9709999948740006
0.9739999949932099
0.9749999952316284
0.9749999952316284
0.9749999952316284
0.975999995470047
0.975999995470047
0.9769999957084656
0.9789999955892563
0.9789999955892563
0.9789999955892563
0.9799999958276748
0.9799999958276748
0.9799999958276748
0.9809999960660934
0.9809999960660934
0.9819999963045121
0.9819999963045121
0.9839999961853028
0.9839999961853028
0.9849999964237213
0.9849999964237213
0.9849999964237213
0.9859999966621399
0.9869999969005585
0.9869999969005585
0.9869999969005585
0.9869999969005585
0.9869999969005585
0.987999997138977
0.987999997138977
0.987999997138977
0.987999997138977
0.9889999973773956
0.9889999973773956
0.9889999973773956
0.9889999973773956
0.9899999976158143
0.9899999976158143
0.9899999976158143
0.9899999976158143
0.9899999976158143
0.9899999976158143
0.9899999976158143
0.9899999976158143
0.9909999978542328
0.9909999978542328
0.9909999978542328
0.9909999978542328
0.9919999980926514
0.9919999980926514
0.9919999980926514
0.99299999833107
0.9939999985694885
0.9939999985694885
0.9939999985694885
0.9939999985694885
0.9949999988079071
0.9949999988079071
0.9949999988079071
0.9949999988079071
0.9959999990463256
0.9959999990463256
0.9959999990463256
0.9959999990463256
0.9959999990463256
0.9959999990463256
0.9959999990463256
0.9959999990463256
0.9959999990463256
0.9969999992847443
0.9969999992847443
0.9969999992847443
0.9969999992847443
0.9969999992847443
0.9969999992847443
0.9979999995231629
0.9979999995231629
0.9979999995231629
0.9979999995231629
0.9979999995231629
0.9979999995231629
0.9979999995231629
0.9979999995231629
0.9979999995231629
0.9979999995231629
0.9979999995231629
0.9979999995231629
0.9979999995231629
0.9979999995231629
0.9979999995231629
0.9979999995231629
0.9979999995231629
0.9979999995231629
0.9979999995231629
0.9979999995231629
0.9979999995231629
0.9979999995231629
0.9979999995231629
0.9979999995231629
0.9979999995231629
0.9979999995231629
0.9979999995231629
0.9979999995231629
0.9979999995231629
0.9979999995231629
0.9979999995231629
0.9979999995231629
0.9979999995231629
0.9979999995231629
0.9979999995231629
0.9979999995231629
0.9979999995231629
0.9979999995231629
0.9979999995231629
0.9989999997615814
0.9989999997615814
0.9989999997615814
0.9989999997615814
0.9989999997615814
0.9989999997615814
0.9989999997615814
0.9989999997615814
0.9989999997615814
0.9989999997615814
0.9989999997615814
0.9989999997615814
0.9989999997615814
0.9989999997615814
0.9989999997615814
0.9989999997615814
0.9989999997615814
0.9989999997615814
0.9989999997615814
0.9989999997615814
0.9989999997615814
0.9989999997615814
0.9989999997615814
0.9989999997615814
0.9989999997615814
0.9989999997615814
0.9989999997615814
0.9989999997615814
0.9989999997615814
0.9989999997615814
0.9989999997615814
0.9989999997615814
1.0
1.0
1.0
1.0
1.0
1.0
1.0
1.0
1.0
1.0
1.0
1.0
1.0
1.0
1.0
1.0
1.0
1.0
1.0
1.0
1.0
1.0
1.0
1.0
1.0
1.0
1.0
1.0
1.0
1.0
1.0
1.0
1.0
1.0
1.0
1.0
1.0
1.0
1.0
1.0
1.0
1.0
1.0
1.0
1.0
1.0
1.0
1.0
1.0
1.0
1.0
1.0
1.0
1.0
1.0
1.0
1.0
1.0
1.0
1.0
1.0
1.0
1.0
1.0
1.0
1.0
1.0
1.0
1.0
1.0
1.0
1.0
1.0
1.0
1.0
1.0
1.0
1.0
1.0
1.0
1.0
1.0
1.0
1.0
1.0
1.0
1.0
1.0
1.0
1.0
1.0
1.0
1.0
1.0
1.0
1.0
1.0
1.0
1.0
1.0
1.0
1.0
1.0
1.0
1.0
1.0
1.0
1.0
1.0
1.0
1.0
1.0
1.0
1.0
1.0
1.0
1.0
1.0
1.0
1.0
1.0
1.0
1.0
1.0
1.0
1.0
1.0
1.0
1.0
1.0
1.0
1.0
1.0
1.0
1.0
1.0
1.0
1.0
1.0
1.0
1.0
1.0
1.0
1.0
1.0
1.0
1.0
1.0
1.0
1.0
1.0
1.0
1.0
1.0
1.0
1.0
1.0
1.0
1.0
1.0
1.0
1.0
1.0
1.0
1.0
1.0
1.0
1.0
1.0
1.0
1.0
1.0
1.0
1.0
1.0
1.0
1.0
1.0
1.0
1.0
1.0
1.0
1.0
1.0
1.0
1.0
1.0
1.0
1.0
1.0
1.0
1.0
1.0
1.0
1.0
1.0
1.0
1.0
1.0
1.0
1.0
1.0
1.0
1.0
1.0
1.0
1.0
1.0
1.0
1.0
1.0
1.0
1.0
1.0
1.0
1.0
1.0
1.0
1.0
1.0
1.0
1.0
1.0
1.0
1.0
1.0
1.0
1.0
1.0
1.0
1.0
1.0
1.0
1.0
1.0
1.0
1.0
1.0
1.0
1.0
1.0
1.0
1.0
1.0
1.0
1.0
1.0
1.0
1.0
1.0
1.0
1.0
1.0
1.0
1.0
1.0
1.0
1.0
1.0
1.0
1.0
1.0
1.0
1.0
1.0
1.0
1.0
1.0
1.0
1.0
1.0
1.0
1.0
1.0
1.0
1.0
1.0
1.0
1.0
1.0
1.0
1.0
1.0
1.0
1.0
1.0
1.0
1.0
1.0
1.0
1.0
1.0
1.0
1.0
1.0
1.0
1.0
1.0
1.0
1.0
1.0
1.0
1.0
1.0
1.0
1.0
1.0
1.0
1.0
1.0
1.0
1.0
1.0
1.0
1.0
1.0
1.0
1.0
1.0
1.0
1.0
1.0
1.0
1.0
1.0
1.0
1.0
1.0
1.0
1.0
1.0
1.0
1.0
1.0
1.0
1.0
1.0
1.0
1.0
1.0
1.0
1.0
1.0
1.0
1.0
1.0
1.0
1.0
1.0
1.0
1.0
1.0
1.0
1.0
1.0
1.0
1.0
1.0
1.0
1.0
1.0
1.0
1.0
1.0
1.0
1.0
1.0
1.0
1.0
1.0
1.0
1.0
1.0
1.0
1.0
1.0
1.0
1.0
1.0
1.0
1.0
1.0
1.0
1.0
1.0
1.0
1.0
1.0
1.0
1.0
1.0
1.0
1.0
1.0
1.0
1.0
1.0
1.0
1.0
1.0
1.0
1.0
1.0
1.0
1.0
1.0
1.0
1.0
1.0
1.0
1.0
1.0
1.0
1.0
1.0
1.0
1.0
1.0
1.0
1.0
1.0
1.0
1.0
1.0
1.0
1.0
1.0
1.0
1.0
1.0
1.0
1.0
1.0
1.0
1.0
1.0
1.0
1.0
1.0
1.0
1.0
1.0
1.0
1.0
1.0
1.0
1.0
1.0
1.0
1.0
1.0
1.0
1.0
1.0
1.0
1.0
1.0
1.0
1.0
1.0
1.0
1.0
1.0
1.0
1.0
1.0
1.0
1.0
1.0
1.0
1.0
1.0
1.0
1.0
1.0
1.0
1.0
1.0
1.0
1.0
1.0
1.0
1.0
1.0
1.0
1.0
1.0
1.0
1.0
1.0
1.0
1.0
1.0
1.0
1.0
1.0
1.0
1.0
1.0
1.0
1.0
1.0
1.0
1.0
1.0
1.0
1.0
1.0
1.0
1.0
1.0
1.0
1.0
1.0
1.0
1.0
1.0
1.0
1.0
1.0
1.0
1.0
1.0
1.0
1.0
1.0
1.0
1.0
1.0
1.0
1.0
1.0
1.0
1.0
1.0
1.0
1.0
1.0
1.0
1.0
1.0
1.0
1.0
1.0
1.0
1.0
1.0
1.0
1.0
1.0
1.0
1.0
1.0
1.0
1.0
1.0
1.0
1.0
1.0
1.0
1.0
1.0
1.0
1.0
1.0
1.0
1.0
1.0
1.0
1.0
1.0
1.0
1.0
1.0
1.0
1.0
1.0
1.0
1.0
1.0
1.0
1.0
1.0
1.0
1.0
1.0
1.0
1.0
1.0
1.0
1.0
1.0
1.0
1.0
1.0
1.0
1.0
1.0
1.0
1.0
1.0
1.0
1.0
1.0
1.0
1.0
1.0
1.0
1.0
1.0
1.0
1.0
1.0
1.0
1.0
1.0
1.0
1.0
1.0
1.0
1.0
1.0
1.0
1.0
1.0
1.0
1.0
1.0
1.0
1.0
1.0
1.0
1.0
1.0
1.0
1.0
1.0
1.0
1.0
1.0
1.0
1.0
1.0
1.0
1.0
1.0
1.0
1.0
1.0
1.0
1.0
1.0
1.0
1.0
1.0
1.0
1.0
1.0
1.0
1.0
1.0
1.0
1.0
1.0
1.0
1.0
1.0
1.0
1.0
1.0
1.0
1.0
1.0
1.0
1.0
1.0
1.0
1.0
1.0
1.0
1.0
1.0
1.0
1.0
1.0
1.0
1.0
1.0
1.0
1.0
1.0
1.0
1.0
1.0
1.0
1.0
1.0
1.0
1.0
1.0
1.0
1.0
1.0
1.0
1.0
1.0
1.0
1.0
1.0
1.0
1.0
1.0
1.0
1.0
1.0
1.0
1.0
1.0
1.0
1.0
1.0
1.0
1.0
1.0
1.0
1.0
1.0
1.0
1.0
1.0
1.0
1.0
1.0
1.0
1.0
1.0
1.0
1.0
1.0
1.0
1.0
1.0
1.0
1.0
1.0
1.0
1.0
1.0
1.0
1.0
1.0
1.0
1.0
1.0
1.0
1.0
1.0
1.0
1.0
1.0
1.0
1.0
1.0
1.0
1.0
1.0
1.0
1.0
1.0
1.0
1.0
1.0
1.0
1.0
1.0
1.0
1.0
1.0
1.0
1.0
1.0
1.0
1.0
1.0
1.0
1.0
1.0
1.0
1.0
1.0
1.0
1.0
1.0
1.0
1.0
1.0
1.0
1.0
1.0
1.0
1.0
1.0
1.0
1.0
1.0
1.0
1.0
1.0
1.0
1.0
1.0
1.0
1.0
1.0
1.0
1.0
1.0
1.0
1.0
1.0
1.0
1.0
1.0
1.0
1.0
1.0
1.0
1.0
1.0
1.0
1.0
1.0
1.0
1.0
1.0
1.0
1.0
1.0
1.0
1.0
1.0
1.0
1.0
1.0
1.0
1.0
1.0
1.0
1.0
1.0
1.0
1.0
1.0
1.0
1.0
1.0
1.0
1.0
1.0
1.0
1.0
1.0
1.0
1.0
1.0
1.0
1.0
1.0
1.0
1.0
1.0
1.0
1.0
1.0
1.0
1.0
1.0
1.0
1.0
1.0
1.0
1.0
1.0
1.0
1.0
1.0
1.0
1.0
1.0
1.0
1.0
1.0
1.0
1.0
1.0
1.0
1.0
1.0
1.0
1.0
1.0
1.0
1.0
1.0
1.0
1.0
1.0
1.0
1.0
1.0
1.0
1.0
1.0
1.0
1.0
1.0
1.0
1.0
1.0
1.0
1.0
1.0
1.0
1.0
1.0
1.0
1.0
1.0
1.0
1.0
1.0
1.0
1.0
1.0
1.0
1.0
1.0
1.0
1.0
1.0
1.0
1.0
1.0
1.0
1.0
1.0
1.0
1.0
1.0
1.0
1.0
1.0
1.0
1.0
1.0
1.0
1.0
1.0
1.0
1.0
1.0
1.0
1.0
1.0
1.0
1.0
1.0
1.0
1.0
1.0
1.0
1.0
1.0
1.0
1.0
1.0
1.0
1.0
1.0
1.0
1.0
1.0
1.0
1.0
1.0
1.0
1.0
1.0
1.0
1.0
1.0
1.0
1.0
1.0
1.0
1.0
1.0
1.0
1.0
1.0
1.0
1.0
1.0
1.0
1.0
1.0
1.0
1.0
1.0
1.0
1.0
1.0
1.0
1.0
1.0
1.0
1.0
1.0
1.0
1.0
1.0
1.0
1.0
1.0
1.0
1.0
1.0
1.0
1.0
1.0
1.0
1.0
1.0
1.0
1.0
1.0
1.0
1.0
1.0
1.0
1.0
1.0
1.0
1.0
1.0
1.0
1.0
1.0
1.0
1.0
1.0
1.0
1.0
1.0
1.0
1.0
1.0
1.0
1.0
1.0
1.0
1.0
1.0
1.0
1.0
1.0
1.0
1.0
1.0
1.0
1.0
1.0
1.0
1.0
1.0
1.0
1.0
1.0
1.0
1.0
1.0
1.0
1.0
1.0
1.0
1.0
1.0
1.0
1.0
1.0
1.0
1.0
1.0
1.0
1.0
1.0
1.0
1.0
1.0
1.0
1.0
1.0
1.0
1.0
1.0
1.0
1.0
1.0
1.0
1.0
1.0
1.0
1.0
1.0
1.0
1.0
1.0
1.0
1.0
1.0
1.0
1.0
1.0
1.0
1.0
1.0
1.0
1.0
1.0
1.0
1.0
1.0
1.0
1.0
1.0
1.0
1.0
1.0
1.0
1.0
1.0
1.0
1.0
1.0
1.0
1.0
1.0
1.0
1.0
1.0
1.0
1.0
1.0
1.0
1.0
1.0
1.0
1.0
1.0
1.0
1.0
1.0
1.0
1.0
1.0
1.0
1.0
1.0
1.0
1.0
1.0
1.0
1.0
1.0
1.0
1.0
1.0
1.0
1.0
1.0
1.0
1.0
1.0
1.0
1.0
1.0
1.0
1.0
1.0
1.0
1.0
1.0
1.0
1.0
1.0
1.0
1.0
1.0
1.0
1.0
1.0
1.0
1.0
1.0
1.0
1.0
1.0
1.0
1.0
1.0
1.0
1.0
1.0
1.0
1.0
1.0
1.0
1.0
1.0
1.0
1.0
1.0
1.0
1.0
1.0
1.0
1.0
1.0
1.0
1.0
1.0
1.0
1.0
1.0
1.0
1.0
1.0
1.0
1.0
1.0
